1 1 0.997262 0.997262 0.994763 0.994763 1.000000 1.000000 5.374703 5.374703 0.786374
1 2 0.996989 0.997259 0.994687 0.994762 0.999204 0.999992 5.226778 5.373224 0.784711
1 3 0.872449 0.996011 0.993961 0.994754 0.745875 0.997451 5.083022 5.370322 0.764456
1 4 0.560737 0.991659 0.995953 0.994766 0.106153 0.988538 4.862935 5.365248 0.791980
1 5 0.514721 0.986889 0.998377 0.994803 0.000690 0.978659 4.478066 5.356376 0.796932
1 6 0.529616 0.982316 0.999377 0.994848 0.000000 0.968873 3.799665 5.340809 0.788723
1 7 0.524570 0.977739 1.000000 0.994900 0.000000 0.959184 3.344025 5.320841 0.765158
1 8 0.511253 0.973074 1.000000 0.994951 0.000000 0.949592 3.197335 5.299606 0.762334
1 9 0.505094 0.968394 1.000000 0.995001 0.000000 0.940096 3.061923 5.277229 0.785564
1 10 0.509407 0.963804 1.000000 0.995051 0.000110 0.930696 3.072984 5.255187 0.842081
1 11 0.529674 0.959463 0.999568 0.995096 0.000000 0.921390 3.098901 5.233624 0.744952
1 12 0.505313 0.954922 0.997085 0.995116 0.000115 0.912177 3.018420 5.211472 0.816082
1 13 0.513214 0.950505 0.997877 0.995144 0.000000 0.903055 3.001139 5.189369 0.760282
1 14 0.505669 0.946056 0.992357 0.995116 0.000117 0.894026 2.865637 5.166131 0.746288
1 15 0.511790 0.941714 0.996128 0.995126 0.000000 0.885085 2.822143 5.142692 0.750756
1 16 0.507674 0.937373 0.981943 0.994994 0.000685 0.876241 2.748182 5.118746 0.794853
1 17 0.518696 0.933186 0.989522 0.994940 0.000720 0.867486 2.793337 5.095492 0.776129
1 18 0.497339 0.928828 0.972128 0.994712 0.001892 0.858830 2.587534 5.070413 0.793735
1 19 0.504648 0.924586 0.979184 0.994556 0.000246 0.850244 2.674905 5.046458 0.753428
1 20 0.508936 0.920430 0.947881 0.994089 0.010333 0.841845 2.666135 5.022654 0.775314
1 21 0.504501 0.916270 0.971452 0.993863 0.000112 0.833428 2.486115 4.997289 0.761045
1 22 0.494112 0.912049 0.936259 0.993287 0.022917 0.825323 2.538437 4.972701 0.793165
1 23 0.503099 0.907959 0.968954 0.993044 0.000468 0.817074 2.456699 4.947541 0.774398
1 24 0.489802 0.903778 0.923205 0.992345 0.033811 0.809242 2.455178 4.922617 0.755574
1 25 0.463925 0.899379 0.932404 0.991746 0.000701 0.801156 2.228619 4.895677 0.755758
1 26 0.461625 0.895002 0.925753 0.991086 0.007218 0.793217 2.273616 4.869456 0.862211
1 27 0.457918 0.890631 0.938303 0.990558 0.000117 0.785286 2.136706 4.842129 0.735956
1 28 0.484331 0.886568 0.907613 0.989729 0.023173 0.777665 2.378590 4.817493 0.841851
1 29 0.485134 0.882553 0.936617 0.989198 0.000356 0.769892 2.309945 4.792418 0.777837
1 30 0.459722 0.878325 0.895059 0.988256 0.014207 0.762335 2.201798 4.766512 0.819117
1 31 0.455998 0.874102 0.923975 0.987613 0.005841 0.754770 2.092871 4.739775 0.751723
1 32 0.472789 0.870089 0.907362 0.986811 0.027737 0.747500 2.225319 4.714631 0.805395
1 33 0.488438 0.866272 0.933868 0.986281 0.000475 0.740029 2.287154 4.690356 0.820254
1 34 0.500958 0.862619 0.916726 0.985586 0.018794 0.732817 2.326288 4.666715 0.811955
1 35 0.450416 0.858497 0.895538 0.984685 0.002990 0.725519 2.011147 4.640160 0.809985
1 36 0.454326 0.854455 0.881606 0.983655 0.005550 0.718319 2.031129 4.614069 0.742472
1 37 0.482979 0.850741 0.896088 0.982779 0.010738 0.711243 2.144323 4.589372 0.815747
1 38 0.451070 0.846744 0.880299 0.981754 0.020461 0.704335 2.004135 4.563520 0.871236
1 39 0.465469 0.842931 0.892440 0.980861 0.005518 0.697347 2.094105 4.538825 0.754160
1 40 0.455523 0.839057 0.865423 0.979707 0.029001 0.690664 2.009499 4.513532 0.760575
1 41 0.453471 0.835201 0.889090 0.978800 0.003306 0.683790 2.018202 4.488579 0.822006
1 42 0.439172 0.831241 0.864395 0.977656 0.024522 0.677197 1.994284 4.463636 0.773613
1 43 0.440186 0.827330 0.871783 0.976598 0.004254 0.670468 1.998280 4.438982 0.768264
1 44 0.449305 0.823550 0.862336 0.975455 0.024543 0.664009 2.063546 4.415228 0.766364
1 45 0.453890 0.819853 0.889900 0.974600 0.003825 0.657407 1.949837 4.390574 0.886475
1 46 0.436581 0.816021 0.840599 0.973260 0.026418 0.651097 1.931310 4.365981 0.828543
1 47 0.437504 0.812236 0.876442 0.972291 0.002490 0.644611 1.905975 4.341381 0.767403
1 48 0.433598 0.808449 0.850258 0.971071 0.031462 0.638479 1.975669 4.317724 0.783205
1 49 0.447714 0.804842 0.874419 0.970104 0.001042 0.632105 1.973079 4.294278 0.806925
1 50 0.458452 0.801378 0.839858 0.968802 0.032478 0.626109 2.015770 4.271493 0.881719
1 51 0.432841 0.797693 0.889912 0.968013 0.004884 0.619897 1.880430 4.247582 0.871218
1 52 0.458322 0.794299 0.850969 0.966843 0.017210 0.613870 1.956869 4.224675 0.793720
1 53 0.429772 0.790654 0.851358 0.965688 0.016079 0.607892 1.821056 4.200639 0.767324
1 54 0.434780 0.787095 0.844418 0.964475 0.005082 0.601864 1.818721 4.176820 0.810177
1 55 0.450186 0.783726 0.833434 0.963165 0.020104 0.596046 1.941250 4.154464 0.790211
1 56 0.424740 0.780136 0.840491 0.961938 0.007880 0.590164 1.767291 4.130592 0.805669
1 57 0.453757 0.776872 0.847067 0.960789 0.020139 0.584464 1.926765 4.108554 0.815043
1 58 0.421264 0.773316 0.823118 0.959413 0.002916 0.578649 1.704126 4.084510 0.845963
1 59 0.422911 0.769812 0.825450 0.958073 0.021622 0.573078 1.727502 4.060940 0.759801
1 60 0.435201 0.766466 0.848765 0.956980 0.001464 0.567362 1.854634 4.038876 0.796015
1 61 0.431100 0.763112 0.812466 0.955535 0.045977 0.562148 1.837824 4.016866 0.816643
1 62 0.418866 0.759670 0.842616 0.954406 0.005030 0.556577 1.775672 3.994454 0.766538
1 63 0.463879 0.756712 0.826442 0.953126 0.030184 0.551313 1.970863 3.974218 0.770429
1 64 0.415884 0.753304 0.829756 0.951892 0.004627 0.545846 1.730288 3.951779 0.762626
1 65 0.425582 0.750026 0.802913 0.950402 0.037345 0.540761 1.804302 3.930304 0.836514
1 66 0.418367 0.746710 0.830673 0.949205 0.002443 0.535378 1.720306 3.908204 0.841492
1 67 0.429300 0.743536 0.812563 0.947839 0.036493 0.530389 1.808166 3.887204 0.779902
1 68 0.427550 0.740376 0.831758 0.946678 0.003001 0.525116 1.791680 3.866248 0.816701
1 69 0.418037 0.737152 0.791747 0.945129 0.037947 0.520244 1.756545 3.845151 0.919709
1 70 0.436986 0.734151 0.856022 0.944238 0.000895 0.515050 1.870565 3.825406 0.885824
1 71 0.431593 0.731125 0.794331 0.942738 0.059640 0.510496 1.851046 3.805662 0.927882
1 72 0.432387 0.728138 0.830092 0.941612 0.002492 0.505416 1.820837 3.785814 0.906349
1 73 0.438773 0.725244 0.791328 0.940109 0.061919 0.500981 1.791790 3.765873 0.783246
1 74 0.406351 0.722055 0.811635 0.938824 0.007106 0.496042 1.683899 3.745054 0.848115
1 75 0.432766 0.719162 0.802572 0.937462 0.027396 0.491356 1.778065 3.725384 0.913461
1 76 0.446233 0.716433 0.844325 0.936531 0.012541 0.486568 1.840717 3.706537 0.846891
1 77 0.419593 0.713465 0.778834 0.934954 0.026198 0.481964 1.721416 3.686686 0.826661
1 78 0.406367 0.710394 0.794070 0.933545 0.008908 0.477234 1.623552 3.666055 0.818945
1 79 0.396405 0.707254 0.773109 0.931940 0.011640 0.472578 1.618349 3.645578 0.800928
1 80 0.410464 0.704286 0.782614 0.930447 0.020116 0.468053 1.647429 3.625596 0.779250
1 81 0.422929 0.701472 0.811463 0.929257 0.007356 0.463446 1.673204 3.606072 0.789536
1 82 0.446800 0.698926 0.790284 0.927868 0.042717 0.459239 1.805263 3.588064 0.816956
1 83 0.425607 0.696192 0.817711 0.926766 0.006732 0.454714 1.759048 3.569774 0.805708
1 84 0.416208 0.693393 0.782374 0.925322 0.036510 0.450532 1.686372 3.550940 0.873784
1 85 0.429148 0.690750 0.812684 0.924196 0.005240 0.446079 1.762724 3.533058 0.821539
1 86 0.426397 0.688107 0.790246 0.922856 0.051511 0.442133 1.728685 3.515014 0.816609
1 87 0.414100 0.685367 0.809460 0.921722 0.004715 0.437759 1.652308 3.496387 0.832529
1 88 0.426511 0.682778 0.769992 0.920205 0.027046 0.433652 1.704015 3.478463 0.824756
1 89 0.421483 0.680165 0.802046 0.919023 0.006620 0.429381 1.720104 3.460880 0.837010
1 90 0.413321 0.677497 0.779749 0.917631 0.022279 0.425310 1.715268 3.443423 0.812271
1 91 0.409330 0.674815 0.793336 0.916388 0.006710 0.421124 1.611887 3.425108 0.825409
1 92 0.416614 0.672233 0.781984 0.915044 0.030285 0.417216 1.696923 3.407826 0.732515
1 93 0.386758 0.669378 0.772780 0.913621 0.008588 0.413130 1.546450 3.389213 0.815749
1 94 0.401742 0.666702 0.788278 0.912367 0.022199 0.409220 1.601285 3.371333 0.825873
1 95 0.420164 0.664236 0.792868 0.911172 0.006162 0.405190 1.681560 3.354435 0.880118
1 96 0.387443 0.661469 0.766988 0.909731 0.025630 0.401394 1.529609 3.336187 0.925078
1 97 0.445899 0.659313 0.810624 0.908740 0.005326 0.397434 1.864948 3.321475 0.781060
1 98 0.402264 0.656742 0.768170 0.907334 0.051718 0.393976 1.585699 3.304117 0.807635
1 99 0.424182 0.654417 0.810331 0.906364 0.001766 0.390054 1.731844 3.288394 0.928528
1 100 0.409702 0.651970 0.762099 0.904921 0.034512 0.386499 1.650779 3.272018 0.787996
1 101 0.397053 0.649420 0.788983 0.903762 0.004120 0.382675 1.601180 3.255310 0.874355
1 102 0.392188 0.646848 0.748702 0.902211 0.036932 0.379218 1.546160 3.238218 0.795912
1 103 0.426110 0.644641 0.779774 0.900987 0.007255 0.375498 1.753450 3.223371 0.807847
1 104 0.389931 0.642094 0.743348 0.899410 0.037137 0.372114 1.602952 3.207166 0.837361
1 105 0.410269 0.639775 0.786528 0.898282 0.004581 0.368439 1.677025 3.191865 0.844654
1 106 0.397393 0.637352 0.747444 0.896773 0.041358 0.365168 1.593089 3.175877 0.759149
1 107 0.414824 0.635126 0.771332 0.895519 0.005963 0.361576 1.807402 3.162193 0.808540
1 108 0.437342 0.633148 0.775262 0.894316 0.054779 0.358508 1.745383 3.148024 0.941702
1 109 0.424789 0.631065 0.792974 0.893303 0.006707 0.354990 1.699617 3.133540 0.852897
1 110 0.412592 0.628880 0.746734 0.891837 0.035946 0.351800 1.677346 3.118978 0.845316
1 111 0.395045 0.626542 0.767316 0.890592 0.013394 0.348416 1.582827 3.103617 0.913942
1 112 0.398153 0.624258 0.770296 0.889389 0.042293 0.345355 1.601925 3.088600 0.811706
1 113 0.427875 0.622294 0.781403 0.888309 0.013870 0.342040 1.731785 3.075032 0.816373
1 114 0.420432 0.620275 0.773294 0.887159 0.031929 0.338939 1.660575 3.060887 0.826403
1 115 0.409946 0.618172 0.775414 0.886042 0.009443 0.335644 1.648114 3.046760 0.770823
1 116 0.372693 0.615717 0.732062 0.884502 0.035465 0.332642 1.472834 3.031020 0.864596
1 117 0.392885 0.613489 0.772955 0.883386 0.005653 0.329372 1.551279 3.016223 0.863921
1 118 0.397416 0.611328 0.734330 0.881896 0.042819 0.326506 1.622707 3.002288 0.837507
1 119 0.412160 0.609337 0.774092 0.880818 0.006702 0.323308 1.639202 2.988657 0.788228
1 120 0.417436 0.607418 0.749920 0.879509 0.050883 0.320584 1.704165 2.975812 0.830308
1 121 0.388125 0.605225 0.781114 0.878525 0.006854 0.317447 1.557403 2.961628 0.865238
1 122 0.401505 0.603187 0.749720 0.877237 0.046083 0.314733 1.663666 2.948648 0.823149
1 123 0.372533 0.600881 0.745720 0.875922 0.007399 0.311660 1.484669 2.934008 0.913228
1 124 0.408004 0.598952 0.768618 0.874848 0.023035 0.308774 1.548901 2.920157 0.827661
1 125 0.396686 0.596929 0.764274 0.873743 0.016628 0.305852 1.565209 2.906608 0.824718
1 126 0.391921 0.594879 0.728354 0.872289 0.030040 0.303094 1.547674 2.893019 0.779603
1 127 0.382082 0.592751 0.756362 0.871130 0.011290 0.300176 1.496530 2.879054 0.833384
1 128 0.394432 0.590768 0.748261 0.869901 0.021651 0.297391 1.545325 2.865716 0.848884
1 129 0.415493 0.589015 0.774700 0.868949 0.007886 0.294496 1.634280 2.853402 0.822545
1 130 0.418998 0.587315 0.761428 0.867874 0.044307 0.291994 1.640420 2.841272 0.840799
1 131 0.428347 0.585726 0.803176 0.867227 0.013908 0.289213 1.731975 2.830179 0.938212
1 132 0.396529 0.583834 0.753104 0.866085 0.035064 0.286671 1.574645 2.817624 0.869623
1 133 0.408918 0.582085 0.770747 0.865132 0.012281 0.283928 1.653588 2.805983 0.859137
1 134 0.387687 0.580141 0.725701 0.863738 0.017502 0.281263 1.469364 2.792617 0.822683
1 135 0.400560 0.578345 0.752727 0.862628 0.028894 0.278740 1.583103 2.780522 0.805954
1 136 0.410091 0.576662 0.767722 0.861679 0.013490 0.276087 1.641439 2.769131 0.851982
1 137 0.396650 0.574862 0.748723 0.860549 0.034541 0.273672 1.531633 2.756756 0.833522
1 138 0.371524 0.572829 0.753006 0.859474 0.004606 0.270981 1.469019 2.743879 0.874762
1 139 0.393103 0.571031 0.748211 0.858361 0.042016 0.268691 1.551460 2.731955 0.881369
1 140 0.434578 0.569667 0.784251 0.857620 0.004887 0.266053 1.868849 2.723324 0.835398
1 141 0.418981 0.568160 0.739387 0.856438 0.077345 0.264166 1.628710 2.712378 0.795887
1 142 0.405790 0.566536 0.775321 0.855626 0.008933 0.261614 1.667380 2.701928 0.835456
1 143 0.407547 0.564946 0.745648 0.854527 0.026141 0.259259 1.674418 2.691653 0.792467
1 144 0.382510 0.563122 0.758276 0.853564 0.007033 0.256737 1.473796 2.679474 0.789053
1 145 0.391986 0.561411 0.731450 0.852343 0.025015 0.254420 1.537898 2.668058 0.789811
1 146 0.359135 0.559388 0.717810 0.850998 0.011780 0.251993 1.392540 2.655303 0.836262
1 147 0.393417 0.557728 0.758691 0.850075 0.012324 0.249597 1.485067 2.643601 0.812263
1 148 0.390082 0.556052 0.746404 0.849038 0.019736 0.247298 1.529492 2.632460 0.838947
1 149 0.362644 0.554118 0.716733 0.847715 0.010711 0.244932 1.380315 2.619938 0.810605
1 150 0.397068 0.552547 0.745022 0.846688 0.018324 0.242666 1.575326 2.609492 0.907278
1 151 0.403036 0.551052 0.746200 0.845683 0.025616 0.240496 1.592477 2.599322 0.793001
1 152 0.380676 0.549348 0.737998 0.844606 0.016519 0.238256 1.468143 2.588010 0.871183
1 153 0.406411 0.547919 0.734692 0.843507 0.027641 0.236150 1.585398 2.577984 0.867390
1 154 0.371535 0.546155 0.740014 0.842472 0.021010 0.233998 1.483812 2.567042 0.817189
1 155 0.368879 0.544382 0.740394 0.841451 0.013882 0.231797 1.421805 2.555590 0.876736
1 156 0.420713 0.543146 0.749304 0.840530 0.026930 0.229748 1.639252 2.546426 0.836812
1 157 0.379839 0.541513 0.744446 0.839569 0.016737 0.227618 1.481063 2.535773 0.779166
1 158 0.401410 0.540112 0.742869 0.838602 0.020545 0.225548 1.596573 2.526381 0.806001
1 159 0.390549 0.538616 0.740482 0.837621 0.012237 0.223414 1.528208 2.516399 0.876119
1 160 0.387117 0.537101 0.715306 0.836398 0.040293 0.221583 1.460810 2.505843 0.825764
1 161 0.396166 0.535692 0.765532 0.835689 0.007392 0.219441 1.572604 2.496511 0.859910
1 162 0.394190 0.534277 0.707943 0.834412 0.046490 0.217712 1.524262 2.486788 0.777708
1 163 0.388916 0.532823 0.750184 0.833569 0.006664 0.215601 1.507448 2.476995 0.852589
1 164 0.389252 0.531387 0.718082 0.832414 0.038990 0.213835 1.509714 2.467322 0.817943
1 165 0.389914 0.529973 0.751867 0.831609 0.003062 0.211727 1.510012 2.457749 0.858584
1 166 0.398618 0.528659 0.721074 0.830504 0.047901 0.210089 1.579179 2.448963 0.831195
1 167 0.392362 0.527296 0.743497 0.829633 0.005800 0.208046 1.551437 2.439988 0.814885
1 168 0.383739 0.525860 0.719476 0.828532 0.037779 0.206344 1.494435 2.430533 0.833776
1 169 0.400794 0.524610 0.755043 0.827797 0.011381 0.204394 1.586990 2.422097 0.879933
1 170 0.409877 0.523462 0.740776 0.826927 0.060325 0.202953 1.610395 2.413980 0.830688
1 171 0.420169 0.522430 0.768377 0.826341 0.005799 0.200982 1.650352 2.406344 0.810756
1 172 0.383966 0.521045 0.699459 0.825073 0.054621 0.199518 1.464014 2.396920 0.815167
1 173 0.369046 0.519525 0.715633 0.823978 0.005814 0.197581 1.436440 2.387316 0.779938
1 174 0.376119 0.518091 0.711682 0.822855 0.030900 0.195914 1.431968 2.377762 0.824170
1 175 0.386842 0.516778 0.745161 0.822078 0.008293 0.194038 1.558934 2.369574 0.832287
1 176 0.391972 0.515530 0.733942 0.821197 0.033050 0.192428 1.517894 2.361057 0.800961
1 177 0.372032 0.514095 0.734519 0.820330 0.006858 0.190573 1.402250 2.351469 0.898957
1 178 0.415202 0.513106 0.756693 0.819694 0.050304 0.189170 1.605812 2.344012 0.837561
1 179 0.395801 0.511933 0.743559 0.818932 0.010966 0.187388 1.539353 2.335966 0.828024
1 180 0.409428 0.510908 0.731952 0.818063 0.055316 0.186067 1.604588 2.328652 0.828027
1 181 0.386735 0.509667 0.741418 0.817296 0.002858 0.184235 1.509637 2.320462 0.893801
1 182 0.363471 0.508205 0.687095 0.815994 0.048065 0.182873 1.392209 2.311179 0.855600
1 183 0.362739 0.506750 0.738571 0.815220 0.007591 0.181120 1.387464 2.301942 0.808931
1 184 0.358052 0.505263 0.697560 0.814043 0.029661 0.179606 1.378939 2.292712 0.827432
1 185 0.394559 0.504156 0.733983 0.813243 0.012510 0.177935 1.537447 2.285160 0.785477
1 186 0.372706 0.502841 0.714219 0.812252 0.026368 0.176419 1.443930 2.276747 0.754659
1 187 0.391697 0.501730 0.745835 0.811588 0.008620 0.174741 1.510452 2.269084 0.806187
1 188 0.390404 0.500617 0.714528 0.810618 0.030606 0.173300 1.511012 2.261504 0.871179
1 189 0.374597 0.499357 0.729389 0.809805 0.016258 0.171729 1.471755 2.253606 0.853184
1 190 0.380344 0.498166 0.706598 0.808773 0.035382 0.170366 1.414394 2.245214 0.885359
1 191 0.389908 0.497084 0.743166 0.808117 0.009257 0.168755 1.536696 2.238129 0.841992
1 192 0.413710 0.496250 0.728319 0.807319 0.036992 0.167437 1.578061 2.231528 0.901887
1 193 0.398416 0.495272 0.760480 0.806851 0.011586 0.165879 1.640964 2.225623 0.864341
1 194 0.351548 0.493834 0.678059 0.805563 0.034711 0.164567 1.361008 2.216976 0.748771
1 1 0.388826 0.388826 0.721352 0.721352 0.020232 0.020232 1.463447 1.463447 0.295378
1 2 0.357676 0.388514 0.704717 0.721186 0.016410 0.020194 1.357688 1.462390 0.286094
1 3 0.383085 0.388460 0.721838 0.721192 0.032968 0.020322 1.437372 1.462139 0.300226
1 4 0.354576 0.388121 0.683661 0.720817 0.016978 0.020288 1.339174 1.460910 0.279428
1 5 0.344949 0.387689 0.692809 0.720537 0.016006 0.020246 1.304784 1.459349 0.401346
1 6 0.395971 0.387772 0.721209 0.720544 0.012261 0.020166 1.497115 1.459726 0.292178
1 7 0.388380 0.387778 0.711159 0.720450 0.013700 0.020101 1.498661 1.460116 0.306002
1 8 0.374501 0.387646 0.719298 0.720438 0.017165 0.020072 1.407398 1.459588 0.297209
1 9 0.380037 0.387569 0.737343 0.720607 0.014034 0.020011 1.431505 1.459308 0.354927
1 10 0.385817 0.387552 0.716723 0.720569 0.024537 0.020057 1.569925 1.460414 0.417957
1 11 0.408643 0.387763 0.721154 0.720574 0.023689 0.020093 1.526970 1.461079 0.226706
2 1 0.376112 0.492657 0.711552 0.804623 0.019458 0.163116 1.458425 2.209391 0.861653
2 2 0.358110 0.491312 0.706737 0.803644 0.019479 0.161680 1.368646 2.200983 0.868986
2 3 0.398600 0.490385 0.738505 0.802993 0.021259 0.160275 1.539168 2.194365 0.764445
2 4 0.389492 0.489376 0.724745 0.802210 0.032468 0.158997 1.501053 2.187432 0.863149
2 5 0.360004 0.488082 0.712846 0.801316 0.010500 0.157512 1.382459 2.179382 0.923329
2 6 0.382273 0.487024 0.705823 0.800362 0.037364 0.156311 1.474661 2.172335 0.813694
2 7 0.371262 0.485866 0.709491 0.799453 0.006229 0.154810 1.394793 2.164560 0.794853
2 8 0.373798 0.484746 0.696819 0.798426 0.027737 0.153539 1.391870 2.156833 0.811110
2 9 0.414752 0.484046 0.756310 0.798005 0.010451 0.152108 1.619551 2.151460 0.815865
2 10 0.416698 0.483372 0.722343 0.797249 0.078078 0.151368 1.653012 2.146476 0.891966
2 11 0.374910 0.482288 0.733917 0.796615 0.004849 0.149903 1.482459 2.139835 0.833249
2 12 0.399809 0.481463 0.722143 0.795871 0.044546 0.148849 1.542792 2.133865 0.862224
2 13 0.363970 0.480288 0.737804 0.795290 0.006369 0.147425 1.394392 2.126470 0.770667
2 14 0.411221 0.479597 0.725393 0.794591 0.029342 0.146244 1.610381 2.121309 0.875413
2 15 0.377797 0.478579 0.737679 0.794022 0.013542 0.144917 1.445348 2.114550 0.824659
2 16 0.349537 0.477289 0.693117 0.793013 0.019297 0.143661 1.300761 2.106412 0.787502
2 17 0.367891 0.476195 0.701799 0.792101 0.014093 0.142365 1.410489 2.099453 0.834226
2 18 0.356434 0.474997 0.676464 0.790944 0.025615 0.141197 1.383778 2.092296 0.794365
2 19 0.379859 0.474046 0.718525 0.790220 0.007668 0.139862 1.482615 2.086199 0.843503
2 20 0.391450 0.473220 0.710953 0.789427 0.048686 0.138950 1.544034 2.080777 0.848963
2 21 0.377919 0.472267 0.736536 0.788899 0.011654 0.137677 1.492014 2.074890 0.827636
2 22 0.391835 0.471463 0.714541 0.788155 0.037076 0.136671 1.497016 2.069111 0.805114
2 23 0.388546 0.470633 0.737024 0.787644 0.016672 0.135471 1.541125 2.063831 0.894762
2 24 0.398864 0.469916 0.723333 0.787001 0.043145 0.134548 1.525628 2.058449 0.841925
2 25 0.377415 0.468991 0.735669 0.786487 0.013840 0.133341 1.465564 2.052520 0.830113
2 26 0.369336 0.467994 0.697363 0.785596 0.014693 0.132155 1.406006 2.046055 0.850771
2 27 0.387790 0.467192 0.726642 0.785006 0.024499 0.131078 1.508140 2.040676 0.769481
2 28 0.378966 0.466310 0.721604 0.784372 0.013539 0.129903 1.501107 2.035280 0.793345
2 29 0.353604 0.465183 0.691355 0.783442 0.027661 0.128880 1.352636 2.028454 0.853140
2 30 0.380998 0.464341 0.730769 0.782916 0.007855 0.127670 1.445205 2.022621 0.803311
2 31 0.380534 0.463503 0.693629 0.782023 0.052041 0.126914 1.449839 2.016894 0.769513
2 32 0.376063 0.462628 0.729279 0.781495 0.008274 0.125727 1.465299 2.011378 0.831542
2 33 0.381965 0.461822 0.707789 0.780758 0.049403 0.124964 1.476763 2.006031 0.787553
2 34 0.394228 0.461146 0.734742 0.780298 0.008106 0.123795 1.548702 2.001458 0.785869
2 35 0.400163 0.460536 0.717331 0.779668 0.056161 0.123119 1.510149 1.996545 0.794142
2 36 0.384769 0.459778 0.740159 0.779273 0.004504 0.121933 1.569822 1.992278 0.822635
2 37 0.389657 0.459077 0.694952 0.778430 0.038687 0.121100 1.457429 1.986929 0.804732
2 38 0.378145 0.458268 0.723072 0.777876 0.012386 0.120013 1.488492 1.981945 0.842387
2 39 0.370396 0.457389 0.700436 0.777102 0.031373 0.119127 1.404624 1.976172 0.828799
2 40 0.381088 0.456626 0.720694 0.776538 0.011533 0.118051 1.538024 1.971790 0.864591
2 41 0.387481 0.455935 0.704449 0.775817 0.051652 0.117387 1.476591 1.966838 0.894556
2 42 0.383750 0.455213 0.739874 0.775458 0.004439 0.116258 1.487151 1.962041 0.863271
2 43 0.362130 0.454282 0.715436 0.774857 0.036325 0.115458 1.442262 1.956844 0.927319
2 44 0.375014 0.453489 0.736801 0.774477 0.002084 0.114324 1.407836 1.951354 0.789090
2 45 0.367532 0.452630 0.703089 0.773763 0.026748 0.113449 1.394629 1.945786 0.865867
2 46 0.366454 0.451768 0.712841 0.773154 0.016568 0.112480 1.377583 1.940104 0.802467
2 47 0.413884 0.451389 0.728388 0.772706 0.027864 0.111634 1.582324 1.936526 0.872367
2 48 0.374184 0.450617 0.705545 0.772035 0.033051 0.110848 1.423977 1.931401 0.820961
2 49 0.355958 0.449671 0.703002 0.771344 0.011791 0.109857 1.337403 1.925461 0.793566
2 50 0.368989 0.448864 0.703501 0.770666 0.021470 0.108973 1.399272 1.920199 0.863010
2 51 0.393449 0.448310 0.728767 0.770247 0.007638 0.107960 1.495166 1.915949 0.795065
2 52 0.352422 0.447351 0.681247 0.769357 0.030113 0.107182 1.368437 1.910474 0.815844
2 53 0.388222 0.446759 0.733262 0.768996 0.010292 0.106213 1.535283 1.906722 0.817763
2 54 0.378685 0.446079 0.716821 0.768474 0.021239 0.105363 1.486784 1.902522 0.854479
2 55 0.381318 0.445431 0.722932 0.768019 0.031135 0.104621 1.452600 1.898023 0.838329
2 56 0.368325 0.444660 0.725628 0.767595 0.005658 0.103631 1.386159 1.892905 0.806701
2 57 0.387678 0.444090 0.694764 0.766866 0.071593 0.103311 1.514308 1.889119 0.818054
2 58 0.364154 0.443291 0.714561 0.766343 0.005596 0.102334 1.427861 1.884506 0.872748
2 59 0.363823 0.442496 0.688971 0.765570 0.051726 0.101827 1.380073 1.879462 0.839655
2 60 0.397410 0.442045 0.738975 0.765304 0.006134 0.100871 1.556626 1.876233 0.840472
2 61 0.370167 0.441326 0.691253 0.764563 0.046487 0.100327 1.410698 1.871578 0.788423
2 62 0.368810 0.440601 0.727037 0.764188 0.004923 0.099373 1.416247 1.867025 0.779301
2 63 0.383172 0.440027 0.691153 0.763458 0.060326 0.098982 1.514271 1.863497 0.785882
2 64 0.385818 0.439485 0.744926 0.763272 0.006740 0.098060 1.533697 1.860199 0.822543
2 65 0.371032 0.438800 0.686045 0.762500 0.048285 0.097562 1.461789 1.856215 0.776373
2 66 0.373812 0.438151 0.704654 0.761922 0.006607 0.096652 1.408534 1.851738 0.802879
2 67 0.386490 0.437634 0.686801 0.761170 0.050765 0.096194 1.487981 1.848101 0.760960
2 68 0.371086 0.436968 0.723973 0.760798 0.009915 0.095331 1.385974 1.843479 0.800504
2 69 0.358464 0.436183 0.686198 0.760052 0.024003 0.094618 1.361608 1.838661 0.900615
2 70 0.406809 0.435890 0.738188 0.759834 0.014273 0.093814 1.635120 1.836625 0.836771
2 71 0.389794 0.435429 0.693266 0.759168 0.044231 0.093318 1.476731 1.833026 0.774766
2 72 0.378178 0.434856 0.734715 0.758924 0.009076 0.092476 1.436939 1.829065 0.820292
2 73 0.351241 0.434020 0.687607 0.758210 0.017609 0.091727 1.312920 1.823904 0.789749
2 74 0.361680 0.433297 0.704411 0.757672 0.012397 0.090934 1.363330 1.819298 0.832731
2 75 0.373410 0.432698 0.703343 0.757129 0.026566 0.090290 1.386425 1.814969 0.872047
2 76 0.400510 0.432376 0.741948 0.756977 0.018038 0.089568 1.562234 1.812442 0.911492
2 77 0.399611 0.432048 0.712374 0.756531 0.048618 0.089158 1.541527 1.809733 0.832952
2 78 0.406449 0.431792 0.723349 0.756199 0.018895 0.088456 1.593715 1.807573 0.846080
2 79 0.371108 0.431185 0.673143 0.755369 0.042402 0.087995 1.433187 1.803829 0.817185
2 80 0.352057 0.430394 0.704429 0.754859 0.007973 0.087195 1.359458 1.799385 0.883882
2 81 0.400408 0.430094 0.719025 0.754501 0.044495 0.086768 1.542146 1.796813 0.818784
2 82 0.413172 0.429925 0.738374 0.754340 0.016186 0.086062 1.648149 1.795326 0.953111
2 83 0.348991 0.429116 0.669140 0.753488 0.036965 0.085571 1.307648 1.790449 0.797226
2 84 0.393154 0.428756 0.730988 0.753263 0.005953 0.084775 1.541415 1.787959 0.826761
2 85 0.360908 0.428078 0.690059 0.752631 0.037885 0.084306 1.394787 1.784027 0.830719
2 86 0.382256 0.427619 0.711346 0.752218 0.006647 0.083529 1.453000 1.780717 0.827915
2 87 0.380085 0.427144 0.686070 0.751556 0.047836 0.083172 1.511518 1.778025 0.763217
2 88 0.386746 0.426740 0.723232 0.751273 0.008629 0.082427 1.474989 1.774995 0.789663
2 89 0.366500 0.426138 0.675042 0.750511 0.045177 0.082054 1.432964 1.771574 0.789235
2 90 0.367154 0.425548 0.729357 0.750299 0.008234 0.081316 1.374212 1.767601 0.884643
2 91 0.363856 0.424931 0.669594 0.749492 0.041149 0.080915 1.364377 1.763569 0.795260
2 92 0.368173 0.424363 0.711627 0.749114 0.006796 0.080173 1.498835 1.760921 0.820284
2 93 0.364849 0.423768 0.685570 0.748478 0.047029 0.079842 1.380965 1.757122 0.803586
2 94 0.353048 0.423061 0.702196 0.748015 0.008109 0.079125 1.403438 1.753585 0.866287
2 95 0.357557 0.422406 0.686230 0.747398 0.021877 0.078552 1.317270 1.749222 0.769183
2 96 0.406559 0.422247 0.723274 0.747156 0.023256 0.077999 1.583696 1.747566 0.827002
2 97 0.362360 0.421649 0.678845 0.746473 0.035519 0.077574 1.543458 1.745525 0.783460
2 98 0.392805 0.421360 0.721277 0.746221 0.021069 0.077009 1.514461 1.743215 0.810776
2 99 0.397610 0.421123 0.722222 0.745981 0.025644 0.076496 1.499072 1.740773 0.896691
2 100 0.363099 0.420542 0.691634 0.745438 0.027347 0.076004 1.368198 1.737048 0.776346
2 101 0.340952 0.419747 0.686466 0.744848 0.008188 0.075326 1.294171 1.732619 0.764403
2 102 0.361870 0.419168 0.678595 0.744186 0.038786 0.074961 1.357655 1.728869 0.764360
2 103 0.372408 0.418700 0.700776 0.743751 0.013828 0.074349 1.471425 1.726295 0.826233
2 104 0.366852 0.418182 0.682474 0.743139 0.033260 0.073938 1.400279 1.723035 0.775043
2 105 0.368157 0.417681 0.730985 0.743017 0.006610 0.073265 1.430344 1.720108 0.808626
2 106 0.391996 0.417425 0.726520 0.742852 0.028366 0.072816 1.516317 1.718070 0.848556
2 107 0.365209 0.416902 0.712902 0.742553 0.007706 0.072165 1.376486 1.714654 0.781027
2 108 0.401320 0.416747 0.712406 0.742251 0.042039 0.071864 1.516317 1.712670 0.796796
2 109 0.388500 0.416464 0.730883 0.742137 0.011263 0.071258 1.484706 1.710391 0.856947
2 110 0.385023 0.416150 0.702269 0.741739 0.064648 0.071192 1.442414 1.707711 0.814993
2 111 0.374929 0.415738 0.738913 0.741711 0.006430 0.070544 1.451435 1.705148 0.780390
2 112 0.387223 0.415452 0.685999 0.741153 0.041496 0.070254 1.472919 1.702826 0.756689
2 113 0.363523 0.414933 0.698998 0.740732 0.006675 0.069618 1.374444 1.699542 0.780743
2 114 0.363213 0.414416 0.665094 0.739976 0.040573 0.069327 1.372293 1.696270 0.762021
2 115 0.387354 0.414145 0.727530 0.739851 0.031571 0.068950 1.455083 1.693858 0.800283
2 116 0.341727 0.413421 0.677903 0.739232 0.024714 0.068507 1.268277 1.689602 0.895185
2 117 0.375738 0.413044 0.714867 0.738988 0.014185 0.067964 1.447926 1.687185 0.798272
2 118 0.383233 0.412746 0.702589 0.738624 0.025479 0.067539 1.465737 1.684971 0.791281
2 119 0.362126 0.412240 0.701764 0.738255 0.015214 0.067016 1.327816 1.681399 0.769145
2 120 0.386123 0.411979 0.714391 0.738017 0.026650 0.066612 1.459330 1.679179 0.819229
2 121 0.386568 0.411725 0.723679 0.737873 0.006778 0.066014 1.461777 1.677005 0.752510
2 122 0.374008 0.411347 0.670566 0.737200 0.053429 0.065888 1.362375 1.673858 0.785492
2 123 0.362763 0.410862 0.713864 0.736967 0.011144 0.065341 1.440011 1.671520 0.824389
2 124 0.357970 0.410333 0.663371 0.736231 0.042686 0.065114 1.367422 1.668479 0.832256
2 125 0.367330 0.409903 0.703125 0.735900 0.013621 0.064599 1.371113 1.665505 0.787495
2 126 0.369888 0.409503 0.677779 0.735319 0.047625 0.064430 1.393554 1.662786 0.807112
2 127 0.359245 0.409000 0.711251 0.735078 0.011929 0.063905 1.422310 1.660381 0.934022
2 128 0.369865 0.408609 0.692175 0.734649 0.023667 0.063502 1.414183 1.657919 0.806510
2 129 0.356594 0.408088 0.683609 0.734139 0.027682 0.063144 1.341852 1.654758 0.849410
2 130 0.362473 0.407632 0.711094 0.733908 0.013812 0.062651 1.361426 1.651825 0.796554
2 131 0.361713 0.407173 0.674239 0.733311 0.040488 0.062429 1.349622 1.648803 0.805406
2 132 0.374348 0.406845 0.697424 0.732953 0.010498 0.061910 1.349705 1.645812 0.827242
2 133 0.376623 0.406543 0.681893 0.732442 0.030172 0.061592 1.473711 1.644091 0.825279
2 134 0.360754 0.406085 0.691280 0.732030 0.014123 0.061118 1.344911 1.641099 0.829012
2 135 0.364508 0.405669 0.686540 0.731575 0.021936 0.060726 1.340076 1.638089 0.799768
2 136 0.362703 0.405239 0.709080 0.731350 0.010419 0.060223 1.401999 1.635728 0.785257
2 137 0.349563 0.404683 0.672875 0.730766 0.038526 0.060006 1.371818 1.633089 0.816946
2 138 0.371565 0.404351 0.693418 0.730392 0.007866 0.059484 1.377208 1.630530 0.809377
2 139 0.367683 0.403985 0.681818 0.729907 0.054112 0.059431 1.405197 1.628277 0.788195
2 140 0.363845 0.403583 0.696647 0.729574 0.003721 0.058874 1.363511 1.625629 0.789673
2 141 0.351426 0.403062 0.664520 0.728923 0.048100 0.058766 1.359693 1.622970 0.738803
2 142 0.370466 0.402736 0.711243 0.728747 0.007046 0.058249 1.422248 1.620962 0.817636
2 143 0.341940 0.402128 0.654614 0.728005 0.031322 0.057979 1.224353 1.616996 0.837298
2 144 0.383009 0.401937 0.724209 0.727967 0.010709 0.057507 1.469209 1.615519 0.772958
2 145 0.347239 0.401390 0.658108 0.727269 0.034550 0.057277 1.266534 1.612029 0.762955
2 146 0.376780 0.401144 0.693270 0.726929 0.013480 0.056839 1.433065 1.610239 0.816316
2 147 0.357985 0.400712 0.670783 0.726367 0.041495 0.056686 1.318279 1.607319 0.779996
2 148 0.364403 0.400349 0.713298 0.726237 0.012612 0.056245 1.364935 1.604896 0.813436
2 149 0.350898 0.399854 0.677974 0.725754 0.029243 0.055975 1.331679 1.602163 0.830015
2 150 0.362645 0.399482 0.727760 0.725774 0.007607 0.055491 1.366087 1.599803 0.882716
2 151 0.400530 0.399493 0.710682 0.725623 0.026259 0.055199 1.566218 1.599467 0.827635
2 152 0.357159 0.399069 0.706731 0.725434 0.015335 0.054800 1.323343 1.596706 0.767224
2 153 0.371172 0.398790 0.671182 0.724892 0.046289 0.054715 1.346562 1.594204 0.838619
2 154 0.359901 0.398402 0.699476 0.724637 0.012543 0.054293 1.352310 1.591785 0.852289
2 155 0.351480 0.397932 0.662262 0.724014 0.028378 0.054034 1.317839 1.589046 0.762173
2 156 0.352426 0.397477 0.692351 0.723697 0.010882 0.053603 1.350975 1.586665 0.814147
2 157 0.404642 0.397549 0.712992 0.723590 0.039008 0.053457 1.528040 1.586079 0.794408
2 158 0.363137 0.397205 0.711534 0.723469 0.010489 0.053027 1.359650 1.583814 0.844521
2 159 0.358651 0.396819 0.678934 0.723024 0.025796 0.052755 1.359131 1.581568 0.827273
2 160 0.354330 0.396394 0.685838 0.722652 0.009655 0.052324 1.299056 1.578743 0.806803
2 161 0.376362 0.396194 0.688581 0.722312 0.053617 0.052337 1.441770 1.577373 0.895526
2 162 0.396990 0.396202 0.739167 0.722480 0.004293 0.051856 1.551604 1.577115 0.820390
2 163 0.384203 0.396082 0.659865 0.721854 0.068493 0.052023 1.438590 1.575730 0.853368
2 164 0.371300 0.395834 0.723501 0.721870 0.008213 0.051585 1.408903 1.574062 0.802110
2 165 0.351476 0.395391 0.675182 0.721404 0.036357 0.051432 1.324011 1.571561 0.770522
2 166 0.381017 0.395247 0.712118 0.721311 0.008592 0.051004 1.539043 1.571236 0.922276
2 167 0.415056 0.395445 0.698212 0.721080 0.075389 0.051248 1.580088 1.571324 0.793464
2 168 0.361753 0.395108 0.711897 0.720988 0.009163 0.050827 1.385965 1.569471 0.818765
2 169 0.377941 0.394936 0.685739 0.720635 0.026920 0.050588 1.464550 1.568422 0.817940
2 170 0.357974 0.394567 0.695320 0.720382 0.016551 0.050247 1.312372 1.565861 0.843337
2 171 0.347949 0.394101 0.685562 0.720034 0.015663 0.049902 1.254580 1.562748 0.797495
2 172 0.352721 0.393687 0.687065 0.719704 0.020947 0.049612 1.292413 1.560045 0.856410
2 173 0.338348 0.393133 0.679865 0.719306 0.015584 0.049272 1.293646 1.557381 0.914475
2 174 0.376795 0.392970 0.706544 0.719178 0.015679 0.048936 1.410438 1.555912 0.857929
2 175 0.363039 0.392671 0.692094 0.718907 0.022691 0.048673 1.384830 1.554201 0.813508
2 176 0.368339 0.392427 0.694505 0.718663 0.024911 0.048436 1.427799 1.552937 0.819359
2 177 0.344769 0.391951 0.667538 0.718152 0.020660 0.048158 1.301675 1.550424 0.824022
2 178 0.379828 0.391830 0.692962 0.717900 0.012069 0.047797 1.449958 1.549419 0.830751
2 179 0.361068 0.391522 0.672675 0.717448 0.045717 0.047776 1.334005 1.547265 0.828392
2 180 0.342875 0.391036 0.674880 0.717022 0.006329 0.047362 1.302417 1.544817 0.828979
2 181 0.380623 0.390931 0.681756 0.716670 0.034524 0.047234 1.461656 1.543985 0.759361
2 182 0.362185 0.390644 0.701900 0.716522 0.014454 0.046906 1.344721 1.541993 0.845094
2 183 0.393664 0.390674 0.710413 0.716461 0.029408 0.046731 1.628227 1.542855 0.828637
2 184 0.360629 0.390374 0.684793 0.716144 0.012651 0.046390 1.368315 1.541110 0.879429
2 185 0.365239 0.390122 0.679716 0.715780 0.044756 0.046374 1.421114 1.539910 0.791042
2 186 0.349497 0.389716 0.708565 0.715708 0.011379 0.046024 1.354369 1.538054 0.812583
2 187 0.342657 0.389245 0.688606 0.715437 0.020744 0.045771 1.283376 1.535507 0.848494
2 188 0.360365 0.388957 0.695202 0.715234 0.013929 0.045452 1.332129 1.533474 0.800065
2 189 0.372494 0.388792 0.695055 0.715033 0.031008 0.045308 1.409134 1.532230 0.786242
2 190 0.352365 0.388428 0.704932 0.714932 0.017118 0.045026 1.317290 1.530081 0.796157
2 191 0.353042 0.388074 0.678602 0.714568 0.027447 0.044850 1.344504 1.528225 0.819893
2 192 0.367410 0.387867 0.708674 0.714509 0.009386 0.044496 1.370817 1.526651 0.779556
2 193 0.352726 0.387516 0.649070 0.713855 0.042803 0.044479 1.308331 1.524468 0.850333
2 194 0.366481 0.387306 0.712593 0.713842 0.006049 0.044094 1.479589 1.524019 0.696847
2 1 0.367761 0.387563 0.679555 0.720164 0.022148 0.020113 1.354975 1.460018 0.282705
2 2 0.338543 0.387073 0.664272 0.719605 0.018234 0.020095 1.266259 1.458081 0.309844
2 3 0.368630 0.386888 0.692840 0.719338 0.033545 0.020229 1.347008 1.456970 0.302255
2 4 0.336746 0.386387 0.646340 0.718608 0.019143 0.020218 1.250923 1.454909 0.273116
2 5 0.330336 0.385826 0.656119 0.717983 0.022269 0.020239 1.215337 1.452514 0.388739
2 6 0.385640 0.385824 0.698834 0.717791 0.016139 0.020198 1.418315 1.452172 0.277327
2 7 0.371549 0.385682 0.677468 0.717388 0.016440 0.020160 1.397077 1.451621 0.293235
2 8 0.358973 0.385415 0.685954 0.717074 0.020102 0.020160 1.318633 1.450291 0.330551
2 9 0.354528 0.385106 0.683078 0.716734 0.017980 0.020138 1.313847 1.448926 0.321024
2 10 0.370728 0.384962 0.684033 0.716407 0.028664 0.020223 1.492325 1.449360 0.405021
2 11 0.381350 0.384926 0.671245 0.715955 0.024253 0.020263 1.388152 1.448748 0.234413
