==f
n 44 1 -0 [-0.225579,-0.10889,-2.59961,0.0402561,0.573411,0.358335,1.1812,1.12947,-0.889943,-0.215621,1.34838,-0.496986,-0.184556,-0.156844,0.0462954,-0.139633,0.059982,-0.237857,0.269468,-0.36569,0.111069,0.27777,-0.135913,-0.0977237,0.0412077,] 1 44 [58.8752,2.30357,7.34106,1.84724,1.37701,1.23882,2.11686,2.38395,3.05685,4.79032,3.36734,6.17881,37.49,2.69718,2.0218,1.22062,0.575156,2.23581,2.80169,2.74558,2.5401,4.09226,3.11898,5.68073,32.0118,]
127 128 596 658 890 891 1153 1154 1789 1790 7154 7155 8775 9287 9288 9903 9904 10697 
==f
n 44 1 -0 [-0.225579,-0.10889,-2.59961,0.0402561,0.573411,0.358335,1.1812,1.12947,-0.889943,-0.215621,1.34838,-0.496986,-0.184556,-0.156844,0.0462954,-0.139633,0.059982,-0.237857,0.269468,-0.36569,0.111069,0.27777,-0.135913,-0.0977237,0.0412077,] 1 44 [58.8752,2.30357,7.34106,1.84724,1.37701,1.23882,2.11686,2.38395,3.05685,4.79032,3.36734,6.17881,37.49,2.69718,2.0218,1.22062,0.575156,2.23581,2.80169,2.74558,2.5401,4.09226,3.11898,5.68073,32.0118,]
127 128 596 658 890 891 1153 1154 1789 1790 7154 7155 8775 9287 9288 9903 9904 10697 
==s
n 44 1 0.693147 [-0.0952524,0.54998,-2.23053,0.77602,1.42559,1.25679,1.86851,1.77713,-0.317986,0.241275,1.89333,-0.094688,-0.0212355,0.452054,0.74958,0.765493,1.37856,0.430922,0.866902,0.237818,0.738513,0.772102,0.430318,0.32184,0.217952,] 2 44 [58.8752,2.30357,7.34106,1.84724,1.37701,1.23882,2.11686,2.38395,3.05685,4.79032,3.36734,6.17881,37.49,2.69718,2.0218,1.22062,0.575156,2.23581,2.80169,2.74558,2.5401,4.09226,3.11898,5.68073,32.0118,]
n 243 1 0.693147 [-0.355906,-0.767759,-2.96869,-0.695508,-0.278771,-0.540121,0.493887,0.481802,-1.4619,-0.672518,0.803432,-0.899283,-0.347877,-0.765743,-0.656989,-1.04476,-1.2586,-0.906635,-0.327966,-0.969198,-0.516374,-0.216561,-0.702143,-0.517288,-0.135536,] 2 44 [58.8752,2.30357,7.34106,1.84724,1.37701,1.23882,2.11686,2.38395,3.05685,4.79032,3.36734,6.17881,37.49,2.69718,2.0218,1.22062,0.575156,2.23581,2.80169,2.74558,2.5401,4.09226,3.11898,5.68073,32.0118,]
127 128 596 658 890 891 1153 1154 1789 1790 7154 7155 8775 9287 9288 9903 9904 10697 
==f
n 44 1 0.944462 [-0.190696,0.249843,-2.31149,0.476024,1.17183,0.589075,1.41643,1.45888,-0.54889,-0.133645,1.65505,-0.304939,-0.0661079,0.479744,0.824764,0.738975,1.33805,0.390328,0.84063,0.193605,0.699736,0.762538,0.366296,0.222523,-0.0748611,] 2 44 [61.6876,2.83917,11.9916,2.37808,2.00671,1.29309,2.28735,2.85373,3.95078,4.8905,4.2172,7.22684,56.3522,8.85944,9.1773,3.04868,1.43024,5.09827,6.69663,6.05471,5.77476,10.5464,6.24541,9.02774,44.1201,]
n 243 1 0.492476 [-0.247778,-0.337174,-2.78296,-0.23705,0.192598,0.2115,1.03151,0.919843,-1.10698,-0.267788,1.15323,-0.619197,-0.259933,-0.561946,-0.449094,-0.698747,-0.753336,-0.637611,-0.0939988,-0.721605,-0.263537,-0.0307178,-0.4555,-0.301517,0.11507,] 2 44 [61.6876,2.83917,11.9916,2.37808,2.00671,1.29309,2.28735,2.85373,3.95078,4.8905,4.2172,7.22684,56.3522,8.85944,9.1773,3.04868,1.43024,5.09827,6.69663,6.05471,5.77476,10.5464,6.24541,9.02774,44.1201,]
127 128 596 658 890 891 1153 1154 1789 1790 7154 7155 8775 9287 9288 9903 9904 10697 
==e
n 44 1 0.944462 [-0.190696,0.249843,-2.31149,0.476024,1.17183,0.589075,1.41643,1.45888,-0.54889,-0.133645,1.65505,-0.304939,-0.0661079,0.479744,0.824764,0.738975,1.33805,0.390328,0.84063,0.193605,0.699736,0.762538,0.366296,0.222523,-0.0748611,] 2 44 [61.6876,2.83917,11.9916,2.37808,2.00671,1.29309,2.28735,2.85373,3.95078,4.8905,4.2172,7.22684,56.3522,8.85944,9.1773,3.04868,1.43024,5.09827,6.69663,6.05471,5.77476,10.5464,6.24541,9.02774,44.1201,]
n 243 1 0.492476 [-0.247778,-0.337174,-2.78296,-0.23705,0.192598,0.2115,1.03151,0.919843,-1.10698,-0.267788,1.15323,-0.619197,-0.259933,-0.561946,-0.449094,-0.698747,-0.753336,-0.637611,-0.0939988,-0.721605,-0.263537,-0.0307178,-0.4555,-0.301517,0.11507,] 2 44 [61.6876,2.83917,11.9916,2.37808,2.00671,1.29309,2.28735,2.85373,3.95078,4.8905,4.2172,7.22684,56.3522,8.85944,9.1773,3.04868,1.43024,5.09827,6.69663,6.05471,5.77476,10.5464,6.24541,9.02774,44.1201,]
127 128 596 658 890 891 1153 1154 1789 1790 7154 7155 8775 9287 9288 9903 9904 10697 
==f
n 44 1 0.944462 [-0.190696,0.249843,-2.31149,0.476024,1.17183,0.589075,1.41643,1.45888,-0.54889,-0.133645,1.65505,-0.304939,-0.0661079,0.479744,0.824764,0.738975,1.33805,0.390328,0.84063,0.193605,0.699736,0.762538,0.366296,0.222523,-0.0748611,] 2 44 [61.6876,2.83917,11.9916,2.37808,2.00671,1.29309,2.28735,2.85373,3.95078,4.8905,4.2172,7.22684,56.3522,8.85944,9.1773,3.04868,1.43024,5.09827,6.69663,6.05471,5.77476,10.5464,6.24541,9.02774,44.1201,]
n 243 1 0.492476 [-0.247778,-0.337174,-2.78296,-0.23705,0.192598,0.2115,1.03151,0.919843,-1.10698,-0.267788,1.15323,-0.619197,-0.259933,-0.561946,-0.449094,-0.698747,-0.753336,-0.637611,-0.0939988,-0.721605,-0.263537,-0.0307178,-0.4555,-0.301517,0.11507,] 2 44 [61.6876,2.83917,11.9916,2.37808,2.00671,1.29309,2.28735,2.85373,3.95078,4.8905,4.2172,7.22684,56.3522,8.85944,9.1773,3.04868,1.43024,5.09827,6.69663,6.05471,5.77476,10.5464,6.24541,9.02774,44.1201,]
127 128 596 658 890 891 1153 1154 1789 1790 7154 7155 8775 9287 9288 9903 9904 10697 
==f
n 44 1 0.944462 [-0.190696,0.249843,-2.31149,0.476024,1.17183,0.589075,1.41643,1.45888,-0.54889,-0.133645,1.65505,-0.304939,-0.0661079,0.479744,0.824764,0.738975,1.33805,0.390328,0.84063,0.193605,0.699736,0.762538,0.366296,0.222523,-0.0748611,] 2 44 [61.6876,2.83917,11.9916,2.37808,2.00671,1.29309,2.28735,2.85373,3.95078,4.8905,4.2172,7.22684,56.3522,8.85944,9.1773,3.04868,1.43024,5.09827,6.69663,6.05471,5.77476,10.5464,6.24541,9.02774,44.1201,]
n 243 1 0.492476 [-0.247778,-0.337174,-2.78296,-0.23705,0.192598,0.2115,1.03151,0.919843,-1.10698,-0.267788,1.15323,-0.619197,-0.259933,-0.561946,-0.449094,-0.698747,-0.753336,-0.637611,-0.0939988,-0.721605,-0.263537,-0.0307178,-0.4555,-0.301517,0.11507,] 2 44 [61.6876,2.83917,11.9916,2.37808,2.00671,1.29309,2.28735,2.85373,3.95078,4.8905,4.2172,7.22684,56.3522,8.85944,9.1773,3.04868,1.43024,5.09827,6.69663,6.05471,5.77476,10.5464,6.24541,9.02774,44.1201,]
127 128 596 658 890 891 1153 1154 1789 1790 7154 7155 8775 9287 9288 9903 9904 10697 
==f
n 44 1 0.944462 [-0.190696,0.249843,-2.31149,0.476024,1.17183,0.589075,1.41643,1.45888,-0.54889,-0.133645,1.65505,-0.304939,-0.0661079,0.479744,0.824764,0.738975,1.33805,0.390328,0.84063,0.193605,0.699736,0.762538,0.366296,0.222523,-0.0748611,] 2 44 [61.6876,2.83917,11.9916,2.37808,2.00671,1.29309,2.28735,2.85373,3.95078,4.8905,4.2172,7.22684,56.3522,8.85944,9.1773,3.04868,1.43024,5.09827,6.69663,6.05471,5.77476,10.5464,6.24541,9.02774,44.1201,]
n 243 1 0.492476 [-0.247778,-0.337174,-2.78296,-0.23705,0.192598,0.2115,1.03151,0.919843,-1.10698,-0.267788,1.15323,-0.619197,-0.259933,-0.561946,-0.449094,-0.698747,-0.753336,-0.637611,-0.0939988,-0.721605,-0.263537,-0.0307178,-0.4555,-0.301517,0.11507,] 2 44 [61.6876,2.83917,11.9916,2.37808,2.00671,1.29309,2.28735,2.85373,3.95078,4.8905,4.2172,7.22684,56.3522,8.85944,9.1773,3.04868,1.43024,5.09827,6.69663,6.05471,5.77476,10.5464,6.24541,9.02774,44.1201,]
127 128 596 658 890 891 1153 1154 1789 1790 7154 7155 8775 9287 9288 9903 9904 10697 
==f
n 44 1 0.944462 [-0.190696,0.249843,-2.31149,0.476024,1.17183,0.589075,1.41643,1.45888,-0.54889,-0.133645,1.65505,-0.304939,-0.0661079,0.479744,0.824764,0.738975,1.33805,0.390328,0.84063,0.193605,0.699736,0.762538,0.366296,0.222523,-0.0748611,] 2 44 [61.6876,2.83917,11.9916,2.37808,2.00671,1.29309,2.28735,2.85373,3.95078,4.8905,4.2172,7.22684,56.3522,8.85944,9.1773,3.04868,1.43024,5.09827,6.69663,6.05471,5.77476,10.5464,6.24541,9.02774,44.1201,]
n 243 1 0.492476 [-0.247778,-0.337174,-2.78296,-0.23705,0.192598,0.2115,1.03151,0.919843,-1.10698,-0.267788,1.15323,-0.619197,-0.259933,-0.561946,-0.449094,-0.698747,-0.753336,-0.637611,-0.0939988,-0.721605,-0.263537,-0.0307178,-0.4555,-0.301517,0.11507,] 2 44 [61.6876,2.83917,11.9916,2.37808,2.00671,1.29309,2.28735,2.85373,3.95078,4.8905,4.2172,7.22684,56.3522,8.85944,9.1773,3.04868,1.43024,5.09827,6.69663,6.05471,5.77476,10.5464,6.24541,9.02774,44.1201,]
127 128 596 658 890 891 1153 1154 1789 1790 7154 7155 8775 9287 9288 9903 9904 10697 
==f
n 44 1 0.944462 [-0.190696,0.249843,-2.31149,0.476024,1.17183,0.589075,1.41643,1.45888,-0.54889,-0.133645,1.65505,-0.304939,-0.0661079,0.479744,0.824764,0.738975,1.33805,0.390328,0.84063,0.193605,0.699736,0.762538,0.366296,0.222523,-0.0748611,] 2 44 [61.6876,2.83917,11.9916,2.37808,2.00671,1.29309,2.28735,2.85373,3.95078,4.8905,4.2172,7.22684,56.3522,8.85944,9.1773,3.04868,1.43024,5.09827,6.69663,6.05471,5.77476,10.5464,6.24541,9.02774,44.1201,]
n 243 1 0.492476 [-0.247778,-0.337174,-2.78296,-0.23705,0.192598,0.2115,1.03151,0.919843,-1.10698,-0.267788,1.15323,-0.619197,-0.259933,-0.561946,-0.449094,-0.698747,-0.753336,-0.637611,-0.0939988,-0.721605,-0.263537,-0.0307178,-0.4555,-0.301517,0.11507,] 2 44 [61.6876,2.83917,11.9916,2.37808,2.00671,1.29309,2.28735,2.85373,3.95078,4.8905,4.2172,7.22684,56.3522,8.85944,9.1773,3.04868,1.43024,5.09827,6.69663,6.05471,5.77476,10.5464,6.24541,9.02774,44.1201,]
127 128 596 658 890 891 1153 1154 1789 1790 7154 7155 8775 9287 9288 9903 9904 10697 
==s
n 44 1 1.63761 [-0.0633745,0.843321,-2.02271,1.12449,1.87775,1.46847,2.07763,2.05084,-0.0457849,0.318547,2.142,0.0670464,0.0671045,0.815712,1.15486,1.3117,2.17422,0.833211,1.22706,0.600005,1.11587,1.07046,0.766443,0.555344,0.0756892,] 4 44 [61.6876,2.83917,11.9916,2.37808,2.00671,1.29309,2.28735,2.85373,3.95078,4.8905,4.2172,7.22684,56.3522,8.85944,9.1773,3.04868,1.43024,5.09827,6.69663,6.05471,5.77476,10.5464,6.24541,9.02774,44.1201,]
n 243 1 1.18562 [-0.120456,0.256304,-2.49419,0.411415,0.898521,1.0909,1.69271,1.51181,-0.603872,0.184405,1.64019,-0.247212,-0.126721,-0.225979,-0.118996,-0.126025,0.0828352,-0.194729,0.292432,-0.315205,0.152597,0.277209,-0.055353,0.0313036,0.26562,] 4 44 [61.6876,2.83917,11.9916,2.37808,2.00671,1.29309,2.28735,2.85373,3.95078,4.8905,4.2172,7.22684,56.3522,8.85944,9.1773,3.04868,1.43024,5.09827,6.69663,6.05471,5.77476,10.5464,6.24541,9.02774,44.1201,]
n 486 1 1.63761 [-0.318017,-0.343635,-2.60026,-0.172442,0.465907,-0.290324,0.755226,0.866917,-1.05199,-0.585838,1.16809,-0.676924,-0.19932,0.143777,0.494666,0.166253,0.501882,-0.0525541,0.454199,-0.212795,0.283602,0.454611,-0.0338508,-0.110298,-0.225411,] 4 44 [61.6876,2.83917,11.9916,2.37808,2.00671,1.29309,2.28735,2.85373,3.95078,4.8905,4.2172,7.22684,56.3522,8.85944,9.1773,3.04868,1.43024,5.09827,6.69663,6.05471,5.77476,10.5464,6.24541,9.02774,44.1201,]
n 487 1 1.18562 [-0.375099,-0.930652,-3.07174,-0.885516,-0.513325,-0.667898,0.370308,0.327882,-1.61008,-0.71998,0.666278,-0.991183,-0.393145,-0.897913,-0.779191,-1.27147,-1.58951,-1.08049,-0.48043,-1.128,-0.679671,-0.338644,-0.855647,-0.634338,-0.0354807,] 4 44 [61.6876,2.83917,11.9916,2.37808,2.00671,1.29309,2.28735,2.85373,3.95078,4.8905,4.2172,7.22684,56.3522,8.85944,9.1773,3.04868,1.43024,5.09827,6.69663,6.05471,5.77476,10.5464,6.24541,9.02774,44.1201,]
127 128 596 658 890 891 1153 1154 1789 1790 7154 7155 8775 9287 9288 9903 9904 10697 
==f
n 44 1 1.50408 [-0.239706,0.453375,-2.18475,0.951388,1.2956,0.88708,1.83971,1.48636,-0.467126,0.226063,1.62633,-0.20357,-0.0238243,0.764131,0.946642,1.13059,1.36866,0.739543,1.02202,0.319159,0.940256,0.853077,0.434051,0.295291,-0.129711,] 4 44 [62.1901,4.34414,14.6529,3.5012,3.02783,1.46852,4.58623,3.85189,5.07582,7.75141,5.56991,9.63531,105.923,11.9095,8.79145,12.9139,1.13442,14.8089,6.36349,8.79911,5.30845,9.28335,5.33579,8.02908,60.0064,]
n 243 1 1.09861 [-0.232564,0.170157,-2.58034,-0.0891345,0.987833,0.0219331,1.44564,1.4504,-0.66062,-0.211517,1.67329,-0.345896,-0.134712,-0.278474,-0.010659,-0.19398,0.152389,-0.348925,0.0528454,-0.372482,-0.0493226,0.0828079,-0.112895,-0.113732,-0.0108923,] 4 44 [62.1901,4.34414,14.6529,3.5012,3.02783,1.46852,4.58623,3.85189,5.07582,7.75141,5.56991,9.63531,105.923,11.9095,8.79145,12.9139,1.13442,14.8089,6.36349,8.79911,5.30845,9.28335,5.33579,8.02908,60.0064,]
n 486 1 1.79176 [-0.267273,-0.544148,-2.65135,-0.497254,0.189674,0.0319271,0.450759,0.978236,-1.44142,-0.669514,0.964864,-0.825942,-0.172379,-0.175563,0.325829,0.18514,0.28696,-0.0613704,0.432998,-0.103775,-0.0403012,0.53099,-0.162689,-0.196771,0.133095,] 4 44 [62.1901,4.34414,14.6529,3.5012,3.02783,1.46852,4.58623,3.85189,5.07582,7.75141,5.56991,9.63531,105.923,11.9095,8.79145,12.9139,1.13442,14.8089,6.36349,8.79911,5.30845,9.28335,5.33579,8.02908,60.0064,]
n 487 1 1.28093 [-0.180879,-0.632404,-2.92359,-0.210875,-0.271403,0.534865,0.77533,0.549577,-1.1725,-0.301558,0.966245,-0.715652,-0.380262,-0.736438,-0.773357,-1.28546,-1.23403,-0.992387,-0.170744,-1.06257,-0.268988,-0.100452,-0.603438,-0.333497,0.18533,] 4 44 [62.1901,4.34414,14.6529,3.5012,3.02783,1.46852,4.58623,3.85189,5.07582,7.75141,5.56991,9.63531,105.923,11.9095,8.79145,12.9139,1.13442,14.8089,6.36349,8.79911,5.30845,9.28335,5.33579,8.02908,60.0064,]
127 128 596 658 890 891 1153 1154 1789 1790 7154 7155 8775 9287 9288 9903 9904 10697 
==e
n 44 1 1.50408 [-0.239706,0.453375,-2.18475,0.951388,1.2956,0.88708,1.83971,1.48636,-0.467126,0.226063,1.62633,-0.20357,-0.0238243,0.764131,0.946642,1.13059,1.36866,0.739543,1.02202,0.319159,0.940256,0.853077,0.434051,0.295291,-0.129711,] 4 44 [62.1901,4.34414,14.6529,3.5012,3.02783,1.46852,4.58623,3.85189,5.07582,7.75141,5.56991,9.63531,105.923,11.9095,8.79145,12.9139,1.13442,14.8089,6.36349,8.79911,5.30845,9.28335,5.33579,8.02908,60.0064,]
n 243 1 1.09861 [-0.232564,0.170157,-2.58034,-0.0891345,0.987833,0.0219331,1.44564,1.4504,-0.66062,-0.211517,1.67329,-0.345896,-0.134712,-0.278474,-0.010659,-0.19398,0.152389,-0.348925,0.0528454,-0.372482,-0.0493226,0.0828079,-0.112895,-0.113732,-0.0108923,] 4 44 [62.1901,4.34414,14.6529,3.5012,3.02783,1.46852,4.58623,3.85189,5.07582,7.75141,5.56991,9.63531,105.923,11.9095,8.79145,12.9139,1.13442,14.8089,6.36349,8.79911,5.30845,9.28335,5.33579,8.02908,60.0064,]
n 486 1 1.79176 [-0.267273,-0.544148,-2.65135,-0.497254,0.189674,0.0319271,0.450759,0.978236,-1.44142,-0.669514,0.964864,-0.825942,-0.172379,-0.175563,0.325829,0.18514,0.28696,-0.0613704,0.432998,-0.103775,-0.0403012,0.53099,-0.162689,-0.196771,0.133095,] 4 44 [62.1901,4.34414,14.6529,3.5012,3.02783,1.46852,4.58623,3.85189,5.07582,7.75141,5.56991,9.63531,105.923,11.9095,8.79145,12.9139,1.13442,14.8089,6.36349,8.79911,5.30845,9.28335,5.33579,8.02908,60.0064,]
n 487 1 1.28093 [-0.180879,-0.632404,-2.92359,-0.210875,-0.271403,0.534865,0.77533,0.549577,-1.1725,-0.301558,0.966245,-0.715652,-0.380262,-0.736438,-0.773357,-1.28546,-1.23403,-0.992387,-0.170744,-1.06257,-0.268988,-0.100452,-0.603438,-0.333497,0.18533,] 4 44 [62.1901,4.34414,14.6529,3.5012,3.02783,1.46852,4.58623,3.85189,5.07582,7.75141,5.56991,9.63531,105.923,11.9095,8.79145,12.9139,1.13442,14.8089,6.36349,8.79911,5.30845,9.28335,5.33579,8.02908,60.0064,]
127 128 596 658 890 891 1153 1154 1789 1790 7154 7155 8775 9287 9288 9903 9904 10697 
==f
n 44 1 1.50408 [-0.239706,0.453375,-2.18475,0.951388,1.2956,0.88708,1.83971,1.48636,-0.467126,0.226063,1.62633,-0.20357,-0.0238243,0.764131,0.946642,1.13059,1.36866,0.739543,1.02202,0.319159,0.940256,0.853077,0.434051,0.295291,-0.129711,] 4 44 [61.7232,4.57883,16.8893,3.42986,3.36904,1.47354,6.49445,4.22751,4.43747,8.26225,6.26,9.24049,105.456,12.3111,8.9829,14.7058,1.15549,17.1346,6.63422,8.7055,5.44253,10.0379,5.32823,7.98041,65.9625,]
n 243 1 0.944462 [-0.246775,0.129888,-2.52995,-0.140436,0.965833,-0.0112322,1.42938,1.45835,-0.770844,-0.230481,1.64493,-0.395923,-0.139134,-0.291474,0.00890705,-0.188096,0.0955777,-0.355482,0.0662482,-0.345251,-0.0978626,0.100367,-0.127174,-0.143349,-0.00954621,] 4 44 [61.7232,4.57883,16.8893,3.42986,3.36904,1.47354,6.49445,4.22751,4.43747,8.26225,6.26,9.24049,105.456,12.3111,8.9829,14.7058,1.15549,17.1346,6.63422,8.7055,5.44253,10.0379,5.32823,7.98041,65.9625,]
n 486 1 2.19722 [-0.234891,-0.760358,-2.8632,-0.521758,-0.132404,0.153003,0.010247,0.714335,-1.44604,-0.832138,0.709906,-0.890871,-0.175735,-0.0786088,0.425593,0.354105,0.553085,0.105356,0.576164,-0.0647291,0.134099,0.693625,-0.13761,-0.13463,0.200378,] 4 44 [61.7232,4.57883,16.8893,3.42986,3.36904,1.47354,6.49445,4.22751,4.43747,8.26225,6.26,9.24049,105.456,12.3111,8.9829,14.7058,1.15549,17.1346,6.63422,8.7055,5.44253,10.0379,5.32823,7.98041,65.9625,]
n 487 1 1.28093 [-0.180879,-0.632404,-2.92359,-0.210875,-0.271403,0.534865,0.77533,0.549577,-1.1725,-0.301558,0.966245,-0.715652,-0.380262,-0.736438,-0.773357,-1.28546,-1.23403,-0.992387,-0.170744,-1.06257,-0.268988,-0.100452,-0.603438,-0.333497,0.18533,] 4 44 [61.7232,4.57883,16.8893,3.42986,3.36904,1.47354,6.49445,4.22751,4.43747,8.26225,6.26,9.24049,105.456,12.3111,8.9829,14.7058,1.15549,17.1346,6.63422,8.7055,5.44253,10.0379,5.32823,7.98041,65.9625,]
127 128 596 658 890 891 1153 1154 1789 1790 7154 7155 8775 9287 9288 9903 9904 10697 
==f
n 44 1 1.50408 [-0.239706,0.453375,-2.18475,0.951388,1.2956,0.88708,1.83971,1.48636,-0.467126,0.226063,1.62633,-0.20357,-0.0238243,0.764131,0.946642,1.13059,1.36866,0.739543,1.02202,0.319159,0.940256,0.853077,0.434051,0.295291,-0.129711,] 4 44 [61.7232,4.57883,16.8893,3.42986,3.36904,1.47354,6.49445,4.22751,4.43747,8.26225,6.26,9.24049,105.456,12.3111,8.9829,14.7058,1.15549,17.1346,6.63422,8.7055,5.44253,10.0379,5.32823,7.98041,65.9625,]
n 243 1 0.944462 [-0.246775,0.129888,-2.52995,-0.140436,0.965833,-0.0112322,1.42938,1.45835,-0.770844,-0.230481,1.64493,-0.395923,-0.139134,-0.291474,0.00890705,-0.188096,0.0955777,-0.355482,0.0662482,-0.345251,-0.0978626,0.100367,-0.127174,-0.143349,-0.00954621,] 4 44 [61.7232,4.57883,16.8893,3.42986,3.36904,1.47354,6.49445,4.22751,4.43747,8.26225,6.26,9.24049,105.456,12.3111,8.9829,14.7058,1.15549,17.1346,6.63422,8.7055,5.44253,10.0379,5.32823,7.98041,65.9625,]
n 486 1 2.19722 [-0.234891,-0.760358,-2.8632,-0.521758,-0.132404,0.153003,0.010247,0.714335,-1.44604,-0.832138,0.709906,-0.890871,-0.175735,-0.0786088,0.425593,0.354105,0.553085,0.105356,0.576164,-0.0647291,0.134099,0.693625,-0.13761,-0.13463,0.200378,] 4 44 [61.7232,4.57883,16.8893,3.42986,3.36904,1.47354,6.49445,4.22751,4.43747,8.26225,6.26,9.24049,105.456,12.3111,8.9829,14.7058,1.15549,17.1346,6.63422,8.7055,5.44253,10.0379,5.32823,7.98041,65.9625,]
n 487 1 1.28093 [-0.180879,-0.632404,-2.92359,-0.210875,-0.271403,0.534865,0.77533,0.549577,-1.1725,-0.301558,0.966245,-0.715652,-0.380262,-0.736438,-0.773357,-1.28546,-1.23403,-0.992387,-0.170744,-1.06257,-0.268988,-0.100452,-0.603438,-0.333497,0.18533,] 4 44 [61.7232,4.57883,16.8893,3.42986,3.36904,1.47354,6.49445,4.22751,4.43747,8.26225,6.26,9.24049,105.456,12.3111,8.9829,14.7058,1.15549,17.1346,6.63422,8.7055,5.44253,10.0379,5.32823,7.98041,65.9625,]
127 128 596 658 890 891 1153 1154 1789 1790 7154 7155 8775 9287 9288 9903 9904 10697 
==f
n 44 1 1.50408 [-0.239706,0.453375,-2.18475,0.951388,1.2956,0.88708,1.83971,1.48636,-0.467126,0.226063,1.62633,-0.20357,-0.0238243,0.764131,0.946642,1.13059,1.36866,0.739543,1.02202,0.319159,0.940256,0.853077,0.434051,0.295291,-0.129711,] 4 44 [61.7232,4.57883,16.8893,3.42986,3.36904,1.47354,6.49445,4.22751,4.43747,8.26225,6.26,9.24049,105.456,12.3111,8.9829,14.7058,1.15549,17.1346,6.63422,8.7055,5.44253,10.0379,5.32823,7.98041,65.9625,]
n 243 1 0.944462 [-0.246775,0.129888,-2.52995,-0.140436,0.965833,-0.0112322,1.42938,1.45835,-0.770844,-0.230481,1.64493,-0.395923,-0.139134,-0.291474,0.00890705,-0.188096,0.0955777,-0.355482,0.0662482,-0.345251,-0.0978626,0.100367,-0.127174,-0.143349,-0.00954621,] 4 44 [61.7232,4.57883,16.8893,3.42986,3.36904,1.47354,6.49445,4.22751,4.43747,8.26225,6.26,9.24049,105.456,12.3111,8.9829,14.7058,1.15549,17.1346,6.63422,8.7055,5.44253,10.0379,5.32823,7.98041,65.9625,]
n 486 1 2.19722 [-0.234891,-0.760358,-2.8632,-0.521758,-0.132404,0.153003,0.010247,0.714335,-1.44604,-0.832138,0.709906,-0.890871,-0.175735,-0.0786088,0.425593,0.354105,0.553085,0.105356,0.576164,-0.0647291,0.134099,0.693625,-0.13761,-0.13463,0.200378,] 4 44 [61.7232,4.57883,16.8893,3.42986,3.36904,1.47354,6.49445,4.22751,4.43747,8.26225,6.26,9.24049,105.456,12.3111,8.9829,14.7058,1.15549,17.1346,6.63422,8.7055,5.44253,10.0379,5.32823,7.98041,65.9625,]
n 487 1 1.28093 [-0.180879,-0.632404,-2.92359,-0.210875,-0.271403,0.534865,0.77533,0.549577,-1.1725,-0.301558,0.966245,-0.715652,-0.380262,-0.736438,-0.773357,-1.28546,-1.23403,-0.992387,-0.170744,-1.06257,-0.268988,-0.100452,-0.603438,-0.333497,0.18533,] 4 44 [61.7232,4.57883,16.8893,3.42986,3.36904,1.47354,6.49445,4.22751,4.43747,8.26225,6.26,9.24049,105.456,12.3111,8.9829,14.7058,1.15549,17.1346,6.63422,8.7055,5.44253,10.0379,5.32823,7.98041,65.9625,]
127 128 596 658 890 891 1153 1154 1789 1790 7154 7155 8775 9287 9288 9903 9904 10697 
==f
n 44 1 1.50408 [-0.239706,0.453375,-2.18475,0.951388,1.2956,0.88708,1.83971,1.48636,-0.467126,0.226063,1.62633,-0.20357,-0.0238243,0.764131,0.946642,1.13059,1.36866,0.739543,1.02202,0.319159,0.940256,0.853077,0.434051,0.295291,-0.129711,] 4 44 [61.7232,4.57883,16.8893,3.42986,3.36904,1.47354,6.49445,4.22751,4.43747,8.26225,6.26,9.24049,105.456,12.3111,8.9829,14.7058,1.15549,17.1346,6.63422,8.7055,5.44253,10.0379,5.32823,7.98041,65.9625,]
n 243 1 0.944462 [-0.246775,0.129888,-2.52995,-0.140436,0.965833,-0.0112322,1.42938,1.45835,-0.770844,-0.230481,1.64493,-0.395923,-0.139134,-0.291474,0.00890705,-0.188096,0.0955777,-0.355482,0.0662482,-0.345251,-0.0978626,0.100367,-0.127174,-0.143349,-0.00954621,] 4 44 [61.7232,4.57883,16.8893,3.42986,3.36904,1.47354,6.49445,4.22751,4.43747,8.26225,6.26,9.24049,105.456,12.3111,8.9829,14.7058,1.15549,17.1346,6.63422,8.7055,5.44253,10.0379,5.32823,7.98041,65.9625,]
n 486 1 2.19722 [-0.234891,-0.760358,-2.8632,-0.521758,-0.132404,0.153003,0.010247,0.714335,-1.44604,-0.832138,0.709906,-0.890871,-0.175735,-0.0786088,0.425593,0.354105,0.553085,0.105356,0.576164,-0.0647291,0.134099,0.693625,-0.13761,-0.13463,0.200378,] 4 44 [61.7232,4.57883,16.8893,3.42986,3.36904,1.47354,6.49445,4.22751,4.43747,8.26225,6.26,9.24049,105.456,12.3111,8.9829,14.7058,1.15549,17.1346,6.63422,8.7055,5.44253,10.0379,5.32823,7.98041,65.9625,]
n 487 1 1.28093 [-0.180879,-0.632404,-2.92359,-0.210875,-0.271403,0.534865,0.77533,0.549577,-1.1725,-0.301558,0.966245,-0.715652,-0.380262,-0.736438,-0.773357,-1.28546,-1.23403,-0.992387,-0.170744,-1.06257,-0.268988,-0.100452,-0.603438,-0.333497,0.18533,] 4 44 [61.7232,4.57883,16.8893,3.42986,3.36904,1.47354,6.49445,4.22751,4.43747,8.26225,6.26,9.24049,105.456,12.3111,8.9829,14.7058,1.15549,17.1346,6.63422,8.7055,5.44253,10.0379,5.32823,7.98041,65.9625,]
127 128 596 658 890 891 1153 1154 1789 1790 7154 7155 8775 9287 9288 9903 9904 10697 
==f
n 44 1 1.50408 [-0.239706,0.453375,-2.18475,0.951388,1.2956,0.88708,1.83971,1.48636,-0.467126,0.226063,1.62633,-0.20357,-0.0238243,0.764131,0.946642,1.13059,1.36866,0.739543,1.02202,0.319159,0.940256,0.853077,0.434051,0.295291,-0.129711,] 4 44 [61.7232,4.57883,16.8893,3.42986,3.36904,1.47354,6.49445,4.22751,4.43747,8.26225,6.26,9.24049,105.456,12.3111,8.9829,14.7058,1.15549,17.1346,6.63422,8.7055,5.44253,10.0379,5.32823,7.98041,65.9625,]
n 243 1 0.944462 [-0.246775,0.129888,-2.52995,-0.140436,0.965833,-0.0112322,1.42938,1.45835,-0.770844,-0.230481,1.64493,-0.395923,-0.139134,-0.291474,0.00890705,-0.188096,0.0955777,-0.355482,0.0662482,-0.345251,-0.0978626,0.100367,-0.127174,-0.143349,-0.00954621,] 4 44 [61.7232,4.57883,16.8893,3.42986,3.36904,1.47354,6.49445,4.22751,4.43747,8.26225,6.26,9.24049,105.456,12.3111,8.9829,14.7058,1.15549,17.1346,6.63422,8.7055,5.44253,10.0379,5.32823,7.98041,65.9625,]
n 486 1 2.19722 [-0.234891,-0.760358,-2.8632,-0.521758,-0.132404,0.153003,0.010247,0.714335,-1.44604,-0.832138,0.709906,-0.890871,-0.175735,-0.0786088,0.425593,0.354105,0.553085,0.105356,0.576164,-0.0647291,0.134099,0.693625,-0.13761,-0.13463,0.200378,] 4 44 [61.7232,4.57883,16.8893,3.42986,3.36904,1.47354,6.49445,4.22751,4.43747,8.26225,6.26,9.24049,105.456,12.3111,8.9829,14.7058,1.15549,17.1346,6.63422,8.7055,5.44253,10.0379,5.32823,7.98041,65.9625,]
n 487 1 1.28093 [-0.180879,-0.632404,-2.92359,-0.210875,-0.271403,0.534865,0.77533,0.549577,-1.1725,-0.301558,0.966245,-0.715652,-0.380262,-0.736438,-0.773357,-1.28546,-1.23403,-0.992387,-0.170744,-1.06257,-0.268988,-0.100452,-0.603438,-0.333497,0.18533,] 4 44 [61.7232,4.57883,16.8893,3.42986,3.36904,1.47354,6.49445,4.22751,4.43747,8.26225,6.26,9.24049,105.456,12.3111,8.9829,14.7058,1.15549,17.1346,6.63422,8.7055,5.44253,10.0379,5.32823,7.98041,65.9625,]
127 128 596 658 890 891 1153 1154 1789 1790 7154 7155 8775 9287 9288 9903 9904 10697 
==s
n 44 1 2.19722 [-0.112421,0.920704,-1.94142,1.49135,1.84041,1.71088,2.23211,1.97272,0.00758788,0.57396,2.02601,0.125397,0.0735547,1.04913,1.28029,1.39136,2.29894,0.981124,1.41026,0.658083,1.3689,1.16871,0.867271,0.649278,-0.00658418,] 8 44 [61.7232,4.57883,16.8893,3.42986,3.36904,1.47354,6.49445,4.22751,4.43747,8.26225,6.26,9.24049,105.456,12.3111,8.9829,14.7058,1.15549,17.1346,6.63422,8.7055,5.44253,10.0379,5.32823,7.98041,65.9625,]
n 243 1 1.63761 [-0.11949,0.597217,-2.28662,0.399524,1.51065,0.812564,1.82178,1.94471,-0.296129,0.117416,2.04461,-0.0669558,-0.0417555,-0.00646974,0.342557,0.0726732,1.02586,-0.113901,0.454492,-0.00632673,0.330784,0.415997,0.306046,0.210638,0.11358,] 8 44 [61.7232,4.57883,16.8893,3.42986,3.36904,1.47354,6.49445,4.22751,4.43747,8.26225,6.26,9.24049,105.456,12.3111,8.9829,14.7058,1.15549,17.1346,6.63422,8.7055,5.44253,10.0379,5.32823,7.98041,65.9625,]
n 486 1 2.89037 [-0.107606,-0.293029,-2.61987,0.0182025,0.412408,0.976799,0.402647,1.2007,-0.971327,-0.484241,1.10959,-0.561904,-0.078356,0.206395,0.759243,0.614874,1.48337,0.346937,0.964408,0.274195,0.562746,1.00926,0.29561,0.219357,0.323504,] 8 44 [61.7232,4.57883,16.8893,3.42986,3.36904,1.47354,6.49445,4.22751,4.43747,8.26225,6.26,9.24049,105.456,12.3111,8.9829,14.7058,1.15549,17.1346,6.63422,8.7055,5.44253,10.0379,5.32823,7.98041,65.9625,]
n 487 1 1.97408 [-0.0535949,-0.165074,-2.68027,0.329086,0.27341,1.35866,1.16773,1.03594,-0.697781,0.0463395,1.36592,-0.386685,-0.282883,-0.451434,-0.439707,-1.02469,-0.303748,-0.750806,0.2175,-0.723643,0.159659,0.215178,-0.170218,0.0204897,0.308456,] 8 44 [61.7232,4.57883,16.8893,3.42986,3.36904,1.47354,6.49445,4.22751,4.43747,8.26225,6.26,9.24049,105.456,12.3111,8.9829,14.7058,1.15549,17.1346,6.63422,8.7055,5.44253,10.0379,5.32823,7.98041,65.9625,]
n 953 1 2.19722 [-0.366991,-0.0139539,-2.42808,0.411428,0.750783,0.0632841,1.44731,1,-0.941841,-0.121834,1.22665,-0.532537,-0.121203,0.479127,0.612992,0.869825,0.438373,0.497962,0.633776,-0.0197658,0.511609,0.537447,0.000831142,-0.0586959,-0.252837,] 8 44 [61.7232,4.57883,16.8893,3.42986,3.36904,1.47354,6.49445,4.22751,4.43747,8.26225,6.26,9.24049,105.456,12.3111,8.9829,14.7058,1.15549,17.1346,6.63422,8.7055,5.44253,10.0379,5.32823,7.98041,65.9625,]
n 954 1 1.63761 [-0.374059,-0.337441,-2.77328,-0.680396,0.421021,-0.835028,1.03698,0.971985,-1.24556,-0.578379,1.24525,-0.72489,-0.236513,-0.576478,-0.324743,-0.448865,-0.834708,-0.597063,-0.321996,-0.684176,-0.526509,-0.215263,-0.560395,-0.497336,-0.132673,] 8 44 [61.7232,4.57883,16.8893,3.42986,3.36904,1.47354,6.49445,4.22751,4.43747,8.26225,6.26,9.24049,105.456,12.3111,8.9829,14.7058,1.15549,17.1346,6.63422,8.7055,5.44253,10.0379,5.32823,7.98041,65.9625,]
n 955 1 2.89037 [-0.362176,-1.22769,-3.10653,-1.06172,-0.677216,-0.670793,-0.382153,0.227975,-1.92076,-1.18004,0.310225,-1.21984,-0.273114,-0.363613,0.0919422,0.0933364,-0.377201,-0.136225,0.18792,-0.403654,-0.294547,0.377995,-0.57083,-0.488617,0.0772516,] 8 44 [61.7232,4.57883,16.8893,3.42986,3.36904,1.47354,6.49445,4.22751,4.43747,8.26225,6.26,9.24049,105.456,12.3111,8.9829,14.7058,1.15549,17.1346,6.63422,8.7055,5.44253,10.0379,5.32823,7.98041,65.9625,]
n 956 1 1.97408 [-0.308164,-1.09973,-3.16692,-0.750835,-0.816215,-0.288931,0.38293,0.0632174,-1.64721,-0.649455,0.566564,-1.04462,-0.477641,-1.02144,-1.10701,-1.54623,-2.16432,-1.23397,-0.558989,-1.40149,-0.697635,-0.416082,-1.03666,-0.687485,0.0622032,] 8 44 [61.7232,4.57883,16.8893,3.42986,3.36904,1.47354,6.49445,4.22751,4.43747,8.26225,6.26,9.24049,105.456,12.3111,8.9829,14.7058,1.15549,17.1346,6.63422,8.7055,5.44253,10.0379,5.32823,7.98041,65.9625,]
127 128 596 658 890 891 1153 1154 1789 1790 7154 7155 8775 9287 9288 9903 9904 10697 
==f
n 44 1 2.19722 [-0.23392,0.193409,-2.00214,1.29617,1.17201,1.61471,1.68546,1.46271,-0.905906,0.351793,1.69541,-0.023407,-0.00860361,0.811262,0.932852,1.35043,0.961784,0.862891,1.14695,0.333106,0.651547,0.736938,0.32992,0.326454,-0.222407,] 7 44 [101.567,31.4259,17.558,5.03602,16.234,4.58724,5.35552,8.17604,5.99852,15.4981,14.7841,18.3985,126.485,18.8594,15.7479,8.77029,4.65099,16.8869,9.9442,13.9772,6.02447,41.5203,8.75361,20.008,88.0988,]
n 243 1 1.79176 [-0.0919004,0.800613,-2.34239,0.0606453,1.62974,-0.0126867,1.57745,1.77478,-0.27267,-0.455147,2.1596,-0.392988,-0.140707,0.350745,0.763365,0.332377,1.955,-0.12335,0.487537,-0.123391,0.71987,0.371344,0.495396,-0.126059,0.0189473,] 7 44 [101.567,31.4259,17.558,5.03602,16.234,4.58724,5.35552,8.17604,5.99852,15.4981,14.7841,18.3985,126.485,18.8594,15.7479,8.77029,4.65099,16.8869,9.9442,13.9772,6.02447,41.5203,8.75361,20.008,88.0988,]
n 486 1 2.89037 [-0.141075,-1.37577,-2.80049,0.00954354,-0.110792,0.788378,-0.325987,0.624714,-0.874499,-1.02801,0.761974,-0.974304,-0.00478583,0.067491,0.787734,0.618191,1.01053,0.429696,1.16298,0.368999,0.719253,1.25027,0.207604,0.340621,0.0886591,] 7 44 [101.567,31.4259,17.558,5.03602,16.234,4.58724,5.35552,8.17604,5.99852,15.4981,14.7841,18.3985,126.485,18.8594,15.7479,8.77029,4.65099,16.8869,9.9442,13.9772,6.02447,41.5203,8.75361,20.008,88.0988,]
n 487 0 1.97408 [-0.0535949,-0.165074,-2.68027,0.329086,0.27341,1.35866,1.16773,1.03594,-0.697781,0.0463395,1.36592,-0.386685,-0.282883,-0.451434,-0.439707,-1.02469,-0.303748,-0.750806,0.2175,-0.723643,0.159659,0.215178,-0.170218,0.0204897,0.308456,] 7 44 [101.567,31.4259,17.558,5.03602,16.234,4.58724,5.35552,8.17604,5.99852,15.4981,14.7841,18.3985,126.485,18.8594,15.7479,8.77029,4.65099,16.8869,9.9442,13.9772,6.02447,41.5203,8.75361,20.008,88.0988,]
n 953 1 2.89037 [-0.450255,0.33601,-2.34847,0.548349,1.08035,0.143794,2.13772,1.33768,-0.337908,0.75435,0.95375,0.0655091,-0.0186417,0.61596,0.829815,0.85665,0.567268,0.946871,0.964916,0.690196,0.716193,1.49959,0.210444,0.942308,-0.224714,] 7 44 [101.567,31.4259,17.558,5.03602,16.234,4.58724,5.35552,8.17604,5.99852,15.4981,14.7841,18.3985,126.485,18.8594,15.7479,8.77029,4.65099,16.8869,9.9442,13.9772,6.02447,41.5203,8.75361,20.008,88.0988,]
n 954 1 0.944462 [-0.253594,-0.0521406,-2.74039,-0.380015,0.710392,-0.227826,1.19564,1.29483,-1.03539,-0.231094,1.37897,-0.426386,-0.173934,-0.450172,-0.354947,-0.492621,-0.33984,-0.503519,-0.192365,-0.535603,-0.304788,-0.0418088,-0.276754,-0.215344,0.053029,] 7 44 [101.567,31.4259,17.558,5.03602,16.234,4.58724,5.35552,8.17604,5.99852,15.4981,14.7841,18.3985,126.485,18.8594,15.7479,8.77029,4.65099,16.8869,9.9442,13.9772,6.02447,41.5203,8.75361,20.008,88.0988,]
n 955 1 2.89037 [-0.328707,-0.144946,-2.92591,-1.05306,-0.154016,-0.482372,0.346481,0.803957,-2.01758,-0.636262,0.657838,-0.807439,-0.346684,-0.224709,0.0634516,0.0900193,0.0956375,-0.218983,-0.010652,-0.498458,-0.451054,0.136982,-0.482823,-0.60988,0.312097,] 7 44 [101.567,31.4259,17.558,5.03602,16.234,4.58724,5.35552,8.17604,5.99852,15.4981,14.7841,18.3985,126.485,18.8594,15.7479,8.77029,4.65099,16.8869,9.9442,13.9772,6.02447,41.5203,8.75361,20.008,88.0988,]
n 956 1 1.79176 [-0.207231,-1.06633,-2.83465,0.368537,-0.90005,1.46789,0.87689,0.0835136,-0.970478,-0.230583,0.791643,-1.00634,-0.43168,-0.935166,-0.839619,-1.44263,-2.00115,-1.09004,0.10774,-1.22999,-0.104778,-0.060739,-0.863466,-0.399799,0.194155,] 7 44 [101.567,31.4259,17.558,5.03602,16.234,4.58724,5.35552,8.17604,5.99852,15.4981,14.7841,18.3985,126.485,18.8594,15.7479,8.77029,4.65099,16.8869,9.9442,13.9772,6.02447,41.5203,8.75361,20.008,88.0988,]
127 128 596 658 890 891 1153 1154 1789 1790 7154 7155 8775 9287 9288 9903 9904 10697 
==e
n 44 1 2.19722 [-0.23392,0.193409,-2.00214,1.29617,1.17201,1.61471,1.68546,1.46271,-0.905906,0.351793,1.69541,-0.023407,-0.00860361,0.811262,0.932852,1.35043,0.961784,0.862891,1.14695,0.333106,0.651547,0.736938,0.32992,0.326454,-0.222407,] 7 44 [101.567,31.4259,17.558,5.03602,16.234,4.58724,5.35552,8.17604,5.99852,15.4981,14.7841,18.3985,126.485,18.8594,15.7479,8.77029,4.65099,16.8869,9.9442,13.9772,6.02447,41.5203,8.75361,20.008,88.0988,]
n 243 1 1.79176 [-0.0919004,0.800613,-2.34239,0.0606453,1.62974,-0.0126867,1.57745,1.77478,-0.27267,-0.455147,2.1596,-0.392988,-0.140707,0.350745,0.763365,0.332377,1.955,-0.12335,0.487537,-0.123391,0.71987,0.371344,0.495396,-0.126059,0.0189473,] 7 44 [101.567,31.4259,17.558,5.03602,16.234,4.58724,5.35552,8.17604,5.99852,15.4981,14.7841,18.3985,126.485,18.8594,15.7479,8.77029,4.65099,16.8869,9.9442,13.9772,6.02447,41.5203,8.75361,20.008,88.0988,]
n 486 1 2.89037 [-0.141075,-1.37577,-2.80049,0.00954354,-0.110792,0.788378,-0.325987,0.624714,-0.874499,-1.02801,0.761974,-0.974304,-0.00478583,0.067491,0.787734,0.618191,1.01053,0.429696,1.16298,0.368999,0.719253,1.25027,0.207604,0.340621,0.0886591,] 7 44 [101.567,31.4259,17.558,5.03602,16.234,4.58724,5.35552,8.17604,5.99852,15.4981,14.7841,18.3985,126.485,18.8594,15.7479,8.77029,4.65099,16.8869,9.9442,13.9772,6.02447,41.5203,8.75361,20.008,88.0988,]
n 487 0 1.97408 [-0.0535949,-0.165074,-2.68027,0.329086,0.27341,1.35866,1.16773,1.03594,-0.697781,0.0463395,1.36592,-0.386685,-0.282883,-0.451434,-0.439707,-1.02469,-0.303748,-0.750806,0.2175,-0.723643,0.159659,0.215178,-0.170218,0.0204897,0.308456,] 7 44 [101.567,31.4259,17.558,5.03602,16.234,4.58724,5.35552,8.17604,5.99852,15.4981,14.7841,18.3985,126.485,18.8594,15.7479,8.77029,4.65099,16.8869,9.9442,13.9772,6.02447,41.5203,8.75361,20.008,88.0988,]
n 953 1 2.89037 [-0.450255,0.33601,-2.34847,0.548349,1.08035,0.143794,2.13772,1.33768,-0.337908,0.75435,0.95375,0.0655091,-0.0186417,0.61596,0.829815,0.85665,0.567268,0.946871,0.964916,0.690196,0.716193,1.49959,0.210444,0.942308,-0.224714,] 7 44 [101.567,31.4259,17.558,5.03602,16.234,4.58724,5.35552,8.17604,5.99852,15.4981,14.7841,18.3985,126.485,18.8594,15.7479,8.77029,4.65099,16.8869,9.9442,13.9772,6.02447,41.5203,8.75361,20.008,88.0988,]
n 954 1 0.944462 [-0.253594,-0.0521406,-2.74039,-0.380015,0.710392,-0.227826,1.19564,1.29483,-1.03539,-0.231094,1.37897,-0.426386,-0.173934,-0.450172,-0.354947,-0.492621,-0.33984,-0.503519,-0.192365,-0.535603,-0.304788,-0.0418088,-0.276754,-0.215344,0.053029,] 7 44 [101.567,31.4259,17.558,5.03602,16.234,4.58724,5.35552,8.17604,5.99852,15.4981,14.7841,18.3985,126.485,18.8594,15.7479,8.77029,4.65099,16.8869,9.9442,13.9772,6.02447,41.5203,8.75361,20.008,88.0988,]
n 955 1 2.89037 [-0.328707,-0.144946,-2.92591,-1.05306,-0.154016,-0.482372,0.346481,0.803957,-2.01758,-0.636262,0.657838,-0.807439,-0.346684,-0.224709,0.0634516,0.0900193,0.0956375,-0.218983,-0.010652,-0.498458,-0.451054,0.136982,-0.482823,-0.60988,0.312097,] 7 44 [101.567,31.4259,17.558,5.03602,16.234,4.58724,5.35552,8.17604,5.99852,15.4981,14.7841,18.3985,126.485,18.8594,15.7479,8.77029,4.65099,16.8869,9.9442,13.9772,6.02447,41.5203,8.75361,20.008,88.0988,]
n 956 1 1.79176 [-0.207231,-1.06633,-2.83465,0.368537,-0.90005,1.46789,0.87689,0.0835136,-0.970478,-0.230583,0.791643,-1.00634,-0.43168,-0.935166,-0.839619,-1.44263,-2.00115,-1.09004,0.10774,-1.22999,-0.104778,-0.060739,-0.863466,-0.399799,0.194155,] 7 44 [101.567,31.4259,17.558,5.03602,16.234,4.58724,5.35552,8.17604,5.99852,15.4981,14.7841,18.3985,126.485,18.8594,15.7479,8.77029,4.65099,16.8869,9.9442,13.9772,6.02447,41.5203,8.75361,20.008,88.0988,]
127 128 596 658 890 891 1153 1154 1789 1790 7154 7155 8775 9287 9288 9903 9904 10697 
==f
n 44 1 2.19722 [-0.23392,0.193409,-2.00214,1.29617,1.17201,1.61471,1.68546,1.46271,-0.905906,0.351793,1.69541,-0.023407,-0.00860361,0.811262,0.932852,1.35043,0.961784,0.862891,1.14695,0.333106,0.651547,0.736938,0.32992,0.326454,-0.222407,] 7 44 [101.567,31.4259,17.558,5.03602,16.234,4.58724,5.35552,8.17604,5.99852,15.4981,14.7841,18.3985,126.485,18.8594,15.7479,8.77029,4.65099,16.8869,9.9442,13.9772,6.02447,41.5203,8.75361,20.008,88.0988,]
n 243 1 1.79176 [-0.0919004,0.800613,-2.34239,0.0606453,1.62974,-0.0126867,1.57745,1.77478,-0.27267,-0.455147,2.1596,-0.392988,-0.140707,0.350745,0.763365,0.332377,1.955,-0.12335,0.487537,-0.123391,0.71987,0.371344,0.495396,-0.126059,0.0189473,] 7 44 [101.567,31.4259,17.558,5.03602,16.234,4.58724,5.35552,8.17604,5.99852,15.4981,14.7841,18.3985,126.485,18.8594,15.7479,8.77029,4.65099,16.8869,9.9442,13.9772,6.02447,41.5203,8.75361,20.008,88.0988,]
n 486 1 2.89037 [-0.141075,-1.37577,-2.80049,0.00954354,-0.110792,0.788378,-0.325987,0.624714,-0.874499,-1.02801,0.761974,-0.974304,-0.00478583,0.067491,0.787734,0.618191,1.01053,0.429696,1.16298,0.368999,0.719253,1.25027,0.207604,0.340621,0.0886591,] 7 44 [101.567,31.4259,17.558,5.03602,16.234,4.58724,5.35552,8.17604,5.99852,15.4981,14.7841,18.3985,126.485,18.8594,15.7479,8.77029,4.65099,16.8869,9.9442,13.9772,6.02447,41.5203,8.75361,20.008,88.0988,]
n 487 0 1.97408 [-0.0535949,-0.165074,-2.68027,0.329086,0.27341,1.35866,1.16773,1.03594,-0.697781,0.0463395,1.36592,-0.386685,-0.282883,-0.451434,-0.439707,-1.02469,-0.303748,-0.750806,0.2175,-0.723643,0.159659,0.215178,-0.170218,0.0204897,0.308456,] 7 44 [101.567,31.4259,17.558,5.03602,16.234,4.58724,5.35552,8.17604,5.99852,15.4981,14.7841,18.3985,126.485,18.8594,15.7479,8.77029,4.65099,16.8869,9.9442,13.9772,6.02447,41.5203,8.75361,20.008,88.0988,]
n 953 1 2.89037 [-0.450255,0.33601,-2.34847,0.548349,1.08035,0.143794,2.13772,1.33768,-0.337908,0.75435,0.95375,0.0655091,-0.0186417,0.61596,0.829815,0.85665,0.567268,0.946871,0.964916,0.690196,0.716193,1.49959,0.210444,0.942308,-0.224714,] 7 44 [101.567,31.4259,17.558,5.03602,16.234,4.58724,5.35552,8.17604,5.99852,15.4981,14.7841,18.3985,126.485,18.8594,15.7479,8.77029,4.65099,16.8869,9.9442,13.9772,6.02447,41.5203,8.75361,20.008,88.0988,]
n 954 1 0.944462 [-0.253594,-0.0521406,-2.74039,-0.380015,0.710392,-0.227826,1.19564,1.29483,-1.03539,-0.231094,1.37897,-0.426386,-0.173934,-0.450172,-0.354947,-0.492621,-0.33984,-0.503519,-0.192365,-0.535603,-0.304788,-0.0418088,-0.276754,-0.215344,0.053029,] 7 44 [101.567,31.4259,17.558,5.03602,16.234,4.58724,5.35552,8.17604,5.99852,15.4981,14.7841,18.3985,126.485,18.8594,15.7479,8.77029,4.65099,16.8869,9.9442,13.9772,6.02447,41.5203,8.75361,20.008,88.0988,]
n 955 1 2.89037 [-0.328707,-0.144946,-2.92591,-1.05306,-0.154016,-0.482372,0.346481,0.803957,-2.01758,-0.636262,0.657838,-0.807439,-0.346684,-0.224709,0.0634516,0.0900193,0.0956375,-0.218983,-0.010652,-0.498458,-0.451054,0.136982,-0.482823,-0.60988,0.312097,] 7 44 [101.567,31.4259,17.558,5.03602,16.234,4.58724,5.35552,8.17604,5.99852,15.4981,14.7841,18.3985,126.485,18.8594,15.7479,8.77029,4.65099,16.8869,9.9442,13.9772,6.02447,41.5203,8.75361,20.008,88.0988,]
n 956 1 1.79176 [-0.207231,-1.06633,-2.83465,0.368537,-0.90005,1.46789,0.87689,0.0835136,-0.970478,-0.230583,0.791643,-1.00634,-0.43168,-0.935166,-0.839619,-1.44263,-2.00115,-1.09004,0.10774,-1.22999,-0.104778,-0.060739,-0.863466,-0.399799,0.194155,] 7 44 [101.567,31.4259,17.558,5.03602,16.234,4.58724,5.35552,8.17604,5.99852,15.4981,14.7841,18.3985,126.485,18.8594,15.7479,8.77029,4.65099,16.8869,9.9442,13.9772,6.02447,41.5203,8.75361,20.008,88.0988,]
127 128 596 658 890 891 1153 1154 1789 1790 7154 7155 8775 9287 9288 9903 9904 10697 
==f
n 44 1 2.19722 [-0.23392,0.193409,-2.00214,1.29617,1.17201,1.61471,1.68546,1.46271,-0.905906,0.351793,1.69541,-0.023407,-0.00860361,0.811262,0.932852,1.35043,0.961784,0.862891,1.14695,0.333106,0.651547,0.736938,0.32992,0.326454,-0.222407,] 7 44 [101.567,31.4259,17.558,5.03602,16.234,4.58724,5.35552,8.17604,5.99852,15.4981,14.7841,18.3985,126.485,18.8594,15.7479,8.77029,4.65099,16.8869,9.9442,13.9772,6.02447,41.5203,8.75361,20.008,88.0988,]
n 243 1 1.79176 [-0.0919004,0.800613,-2.34239,0.0606453,1.62974,-0.0126867,1.57745,1.77478,-0.27267,-0.455147,2.1596,-0.392988,-0.140707,0.350745,0.763365,0.332377,1.955,-0.12335,0.487537,-0.123391,0.71987,0.371344,0.495396,-0.126059,0.0189473,] 7 44 [101.567,31.4259,17.558,5.03602,16.234,4.58724,5.35552,8.17604,5.99852,15.4981,14.7841,18.3985,126.485,18.8594,15.7479,8.77029,4.65099,16.8869,9.9442,13.9772,6.02447,41.5203,8.75361,20.008,88.0988,]
n 486 1 2.89037 [-0.141075,-1.37577,-2.80049,0.00954354,-0.110792,0.788378,-0.325987,0.624714,-0.874499,-1.02801,0.761974,-0.974304,-0.00478583,0.067491,0.787734,0.618191,1.01053,0.429696,1.16298,0.368999,0.719253,1.25027,0.207604,0.340621,0.0886591,] 7 44 [101.567,31.4259,17.558,5.03602,16.234,4.58724,5.35552,8.17604,5.99852,15.4981,14.7841,18.3985,126.485,18.8594,15.7479,8.77029,4.65099,16.8869,9.9442,13.9772,6.02447,41.5203,8.75361,20.008,88.0988,]
n 487 0 1.97408 [-0.0535949,-0.165074,-2.68027,0.329086,0.27341,1.35866,1.16773,1.03594,-0.697781,0.0463395,1.36592,-0.386685,-0.282883,-0.451434,-0.439707,-1.02469,-0.303748,-0.750806,0.2175,-0.723643,0.159659,0.215178,-0.170218,0.0204897,0.308456,] 7 44 [101.567,31.4259,17.558,5.03602,16.234,4.58724,5.35552,8.17604,5.99852,15.4981,14.7841,18.3985,126.485,18.8594,15.7479,8.77029,4.65099,16.8869,9.9442,13.9772,6.02447,41.5203,8.75361,20.008,88.0988,]
n 953 1 2.89037 [-0.450255,0.33601,-2.34847,0.548349,1.08035,0.143794,2.13772,1.33768,-0.337908,0.75435,0.95375,0.0655091,-0.0186417,0.61596,0.829815,0.85665,0.567268,0.946871,0.964916,0.690196,0.716193,1.49959,0.210444,0.942308,-0.224714,] 7 44 [101.567,31.4259,17.558,5.03602,16.234,4.58724,5.35552,8.17604,5.99852,15.4981,14.7841,18.3985,126.485,18.8594,15.7479,8.77029,4.65099,16.8869,9.9442,13.9772,6.02447,41.5203,8.75361,20.008,88.0988,]
n 954 1 0.944462 [-0.253594,-0.0521406,-2.74039,-0.380015,0.710392,-0.227826,1.19564,1.29483,-1.03539,-0.231094,1.37897,-0.426386,-0.173934,-0.450172,-0.354947,-0.492621,-0.33984,-0.503519,-0.192365,-0.535603,-0.304788,-0.0418088,-0.276754,-0.215344,0.053029,] 7 44 [101.567,31.4259,17.558,5.03602,16.234,4.58724,5.35552,8.17604,5.99852,15.4981,14.7841,18.3985,126.485,18.8594,15.7479,8.77029,4.65099,16.8869,9.9442,13.9772,6.02447,41.5203,8.75361,20.008,88.0988,]
n 955 1 2.89037 [-0.328707,-0.144946,-2.92591,-1.05306,-0.154016,-0.482372,0.346481,0.803957,-2.01758,-0.636262,0.657838,-0.807439,-0.346684,-0.224709,0.0634516,0.0900193,0.0956375,-0.218983,-0.010652,-0.498458,-0.451054,0.136982,-0.482823,-0.60988,0.312097,] 7 44 [101.567,31.4259,17.558,5.03602,16.234,4.58724,5.35552,8.17604,5.99852,15.4981,14.7841,18.3985,126.485,18.8594,15.7479,8.77029,4.65099,16.8869,9.9442,13.9772,6.02447,41.5203,8.75361,20.008,88.0988,]
n 956 1 1.79176 [-0.207231,-1.06633,-2.83465,0.368537,-0.90005,1.46789,0.87689,0.0835136,-0.970478,-0.230583,0.791643,-1.00634,-0.43168,-0.935166,-0.839619,-1.44263,-2.00115,-1.09004,0.10774,-1.22999,-0.104778,-0.060739,-0.863466,-0.399799,0.194155,] 7 44 [101.567,31.4259,17.558,5.03602,16.234,4.58724,5.35552,8.17604,5.99852,15.4981,14.7841,18.3985,126.485,18.8594,15.7479,8.77029,4.65099,16.8869,9.9442,13.9772,6.02447,41.5203,8.75361,20.008,88.0988,]
127 128 596 658 890 891 1153 1154 1789 1790 7154 7155 8775 9287 9288 9903 9904 10697 
==f
n 44 1 2.19722 [-0.23392,0.193409,-2.00214,1.29617,1.17201,1.61471,1.68546,1.46271,-0.905906,0.351793,1.69541,-0.023407,-0.00860361,0.811262,0.932852,1.35043,0.961784,0.862891,1.14695,0.333106,0.651547,0.736938,0.32992,0.326454,-0.222407,] 7 44 [101.567,31.4259,17.558,5.03602,16.234,4.58724,5.35552,8.17604,5.99852,15.4981,14.7841,18.3985,126.485,18.8594,15.7479,8.77029,4.65099,16.8869,9.9442,13.9772,6.02447,41.5203,8.75361,20.008,88.0988,]
n 243 1 1.79176 [-0.0919004,0.800613,-2.34239,0.0606453,1.62974,-0.0126867,1.57745,1.77478,-0.27267,-0.455147,2.1596,-0.392988,-0.140707,0.350745,0.763365,0.332377,1.955,-0.12335,0.487537,-0.123391,0.71987,0.371344,0.495396,-0.126059,0.0189473,] 7 44 [101.567,31.4259,17.558,5.03602,16.234,4.58724,5.35552,8.17604,5.99852,15.4981,14.7841,18.3985,126.485,18.8594,15.7479,8.77029,4.65099,16.8869,9.9442,13.9772,6.02447,41.5203,8.75361,20.008,88.0988,]
n 486 1 2.89037 [-0.141075,-1.37577,-2.80049,0.00954354,-0.110792,0.788378,-0.325987,0.624714,-0.874499,-1.02801,0.761974,-0.974304,-0.00478583,0.067491,0.787734,0.618191,1.01053,0.429696,1.16298,0.368999,0.719253,1.25027,0.207604,0.340621,0.0886591,] 7 44 [101.567,31.4259,17.558,5.03602,16.234,4.58724,5.35552,8.17604,5.99852,15.4981,14.7841,18.3985,126.485,18.8594,15.7479,8.77029,4.65099,16.8869,9.9442,13.9772,6.02447,41.5203,8.75361,20.008,88.0988,]
n 487 0 1.97408 [-0.0535949,-0.165074,-2.68027,0.329086,0.27341,1.35866,1.16773,1.03594,-0.697781,0.0463395,1.36592,-0.386685,-0.282883,-0.451434,-0.439707,-1.02469,-0.303748,-0.750806,0.2175,-0.723643,0.159659,0.215178,-0.170218,0.0204897,0.308456,] 7 44 [101.567,31.4259,17.558,5.03602,16.234,4.58724,5.35552,8.17604,5.99852,15.4981,14.7841,18.3985,126.485,18.8594,15.7479,8.77029,4.65099,16.8869,9.9442,13.9772,6.02447,41.5203,8.75361,20.008,88.0988,]
n 953 1 2.89037 [-0.450255,0.33601,-2.34847,0.548349,1.08035,0.143794,2.13772,1.33768,-0.337908,0.75435,0.95375,0.0655091,-0.0186417,0.61596,0.829815,0.85665,0.567268,0.946871,0.964916,0.690196,0.716193,1.49959,0.210444,0.942308,-0.224714,] 7 44 [101.567,31.4259,17.558,5.03602,16.234,4.58724,5.35552,8.17604,5.99852,15.4981,14.7841,18.3985,126.485,18.8594,15.7479,8.77029,4.65099,16.8869,9.9442,13.9772,6.02447,41.5203,8.75361,20.008,88.0988,]
n 954 1 0.944462 [-0.253594,-0.0521406,-2.74039,-0.380015,0.710392,-0.227826,1.19564,1.29483,-1.03539,-0.231094,1.37897,-0.426386,-0.173934,-0.450172,-0.354947,-0.492621,-0.33984,-0.503519,-0.192365,-0.535603,-0.304788,-0.0418088,-0.276754,-0.215344,0.053029,] 7 44 [101.567,31.4259,17.558,5.03602,16.234,4.58724,5.35552,8.17604,5.99852,15.4981,14.7841,18.3985,126.485,18.8594,15.7479,8.77029,4.65099,16.8869,9.9442,13.9772,6.02447,41.5203,8.75361,20.008,88.0988,]
n 955 1 2.89037 [-0.328707,-0.144946,-2.92591,-1.05306,-0.154016,-0.482372,0.346481,0.803957,-2.01758,-0.636262,0.657838,-0.807439,-0.346684,-0.224709,0.0634516,0.0900193,0.0956375,-0.218983,-0.010652,-0.498458,-0.451054,0.136982,-0.482823,-0.60988,0.312097,] 7 44 [101.567,31.4259,17.558,5.03602,16.234,4.58724,5.35552,8.17604,5.99852,15.4981,14.7841,18.3985,126.485,18.8594,15.7479,8.77029,4.65099,16.8869,9.9442,13.9772,6.02447,41.5203,8.75361,20.008,88.0988,]
n 956 1 1.79176 [-0.207231,-1.06633,-2.83465,0.368537,-0.90005,1.46789,0.87689,0.0835136,-0.970478,-0.230583,0.791643,-1.00634,-0.43168,-0.935166,-0.839619,-1.44263,-2.00115,-1.09004,0.10774,-1.22999,-0.104778,-0.060739,-0.863466,-0.399799,0.194155,] 7 44 [101.567,31.4259,17.558,5.03602,16.234,4.58724,5.35552,8.17604,5.99852,15.4981,14.7841,18.3985,126.485,18.8594,15.7479,8.77029,4.65099,16.8869,9.9442,13.9772,6.02447,41.5203,8.75361,20.008,88.0988,]
127 128 596 658 890 891 1153 1154 1789 1790 7154 7155 8775 9287 9288 9903 9904 10697 
==f
n 44 1 2.19722 [-0.23392,0.193409,-2.00214,1.29617,1.17201,1.61471,1.68546,1.46271,-0.905906,0.351793,1.69541,-0.023407,-0.00860361,0.811262,0.932852,1.35043,0.961784,0.862891,1.14695,0.333106,0.651547,0.736938,0.32992,0.326454,-0.222407,] 7 44 [101.567,31.4259,17.558,5.03602,16.234,4.58724,5.35552,8.17604,5.99852,15.4981,14.7841,18.3985,126.485,18.8594,15.7479,8.77029,4.65099,16.8869,9.9442,13.9772,6.02447,41.5203,8.75361,20.008,88.0988,]
n 243 1 1.79176 [-0.0919004,0.800613,-2.34239,0.0606453,1.62974,-0.0126867,1.57745,1.77478,-0.27267,-0.455147,2.1596,-0.392988,-0.140707,0.350745,0.763365,0.332377,1.955,-0.12335,0.487537,-0.123391,0.71987,0.371344,0.495396,-0.126059,0.0189473,] 7 44 [101.567,31.4259,17.558,5.03602,16.234,4.58724,5.35552,8.17604,5.99852,15.4981,14.7841,18.3985,126.485,18.8594,15.7479,8.77029,4.65099,16.8869,9.9442,13.9772,6.02447,41.5203,8.75361,20.008,88.0988,]
n 486 1 2.89037 [-0.141075,-1.37577,-2.80049,0.00954354,-0.110792,0.788378,-0.325987,0.624714,-0.874499,-1.02801,0.761974,-0.974304,-0.00478583,0.067491,0.787734,0.618191,1.01053,0.429696,1.16298,0.368999,0.719253,1.25027,0.207604,0.340621,0.0886591,] 7 44 [101.567,31.4259,17.558,5.03602,16.234,4.58724,5.35552,8.17604,5.99852,15.4981,14.7841,18.3985,126.485,18.8594,15.7479,8.77029,4.65099,16.8869,9.9442,13.9772,6.02447,41.5203,8.75361,20.008,88.0988,]
n 487 0 1.97408 [-0.0535949,-0.165074,-2.68027,0.329086,0.27341,1.35866,1.16773,1.03594,-0.697781,0.0463395,1.36592,-0.386685,-0.282883,-0.451434,-0.439707,-1.02469,-0.303748,-0.750806,0.2175,-0.723643,0.159659,0.215178,-0.170218,0.0204897,0.308456,] 7 44 [101.567,31.4259,17.558,5.03602,16.234,4.58724,5.35552,8.17604,5.99852,15.4981,14.7841,18.3985,126.485,18.8594,15.7479,8.77029,4.65099,16.8869,9.9442,13.9772,6.02447,41.5203,8.75361,20.008,88.0988,]
n 953 1 2.89037 [-0.450255,0.33601,-2.34847,0.548349,1.08035,0.143794,2.13772,1.33768,-0.337908,0.75435,0.95375,0.0655091,-0.0186417,0.61596,0.829815,0.85665,0.567268,0.946871,0.964916,0.690196,0.716193,1.49959,0.210444,0.942308,-0.224714,] 7 44 [101.567,31.4259,17.558,5.03602,16.234,4.58724,5.35552,8.17604,5.99852,15.4981,14.7841,18.3985,126.485,18.8594,15.7479,8.77029,4.65099,16.8869,9.9442,13.9772,6.02447,41.5203,8.75361,20.008,88.0988,]
n 954 1 0.944462 [-0.253594,-0.0521406,-2.74039,-0.380015,0.710392,-0.227826,1.19564,1.29483,-1.03539,-0.231094,1.37897,-0.426386,-0.173934,-0.450172,-0.354947,-0.492621,-0.33984,-0.503519,-0.192365,-0.535603,-0.304788,-0.0418088,-0.276754,-0.215344,0.053029,] 7 44 [101.567,31.4259,17.558,5.03602,16.234,4.58724,5.35552,8.17604,5.99852,15.4981,14.7841,18.3985,126.485,18.8594,15.7479,8.77029,4.65099,16.8869,9.9442,13.9772,6.02447,41.5203,8.75361,20.008,88.0988,]
n 955 1 2.89037 [-0.328707,-0.144946,-2.92591,-1.05306,-0.154016,-0.482372,0.346481,0.803957,-2.01758,-0.636262,0.657838,-0.807439,-0.346684,-0.224709,0.0634516,0.0900193,0.0956375,-0.218983,-0.010652,-0.498458,-0.451054,0.136982,-0.482823,-0.60988,0.312097,] 7 44 [101.567,31.4259,17.558,5.03602,16.234,4.58724,5.35552,8.17604,5.99852,15.4981,14.7841,18.3985,126.485,18.8594,15.7479,8.77029,4.65099,16.8869,9.9442,13.9772,6.02447,41.5203,8.75361,20.008,88.0988,]
n 956 1 1.79176 [-0.207231,-1.06633,-2.83465,0.368537,-0.90005,1.46789,0.87689,0.0835136,-0.970478,-0.230583,0.791643,-1.00634,-0.43168,-0.935166,-0.839619,-1.44263,-2.00115,-1.09004,0.10774,-1.22999,-0.104778,-0.060739,-0.863466,-0.399799,0.194155,] 7 44 [101.567,31.4259,17.558,5.03602,16.234,4.58724,5.35552,8.17604,5.99852,15.4981,14.7841,18.3985,126.485,18.8594,15.7479,8.77029,4.65099,16.8869,9.9442,13.9772,6.02447,41.5203,8.75361,20.008,88.0988,]
127 128 596 658 890 891 1153 1154 1789 1790 7154 7155 8775 9287 9288 9903 9904 10697 
==f
n 44 1 2.19722 [-0.23392,0.193409,-2.00214,1.29617,1.17201,1.61471,1.68546,1.46271,-0.905906,0.351793,1.69541,-0.023407,-0.00860361,0.811262,0.932852,1.35043,0.961784,0.862891,1.14695,0.333106,0.651547,0.736938,0.32992,0.326454,-0.222407,] 7 44 [101.567,31.4259,17.558,5.03602,16.234,4.58724,5.35552,8.17604,5.99852,15.4981,14.7841,18.3985,126.485,18.8594,15.7479,8.77029,4.65099,16.8869,9.9442,13.9772,6.02447,41.5203,8.75361,20.008,88.0988,]
n 243 1 1.79176 [-0.0919004,0.800613,-2.34239,0.0606453,1.62974,-0.0126867,1.57745,1.77478,-0.27267,-0.455147,2.1596,-0.392988,-0.140707,0.350745,0.763365,0.332377,1.955,-0.12335,0.487537,-0.123391,0.71987,0.371344,0.495396,-0.126059,0.0189473,] 7 44 [101.567,31.4259,17.558,5.03602,16.234,4.58724,5.35552,8.17604,5.99852,15.4981,14.7841,18.3985,126.485,18.8594,15.7479,8.77029,4.65099,16.8869,9.9442,13.9772,6.02447,41.5203,8.75361,20.008,88.0988,]
n 486 1 2.89037 [-0.141075,-1.37577,-2.80049,0.00954354,-0.110792,0.788378,-0.325987,0.624714,-0.874499,-1.02801,0.761974,-0.974304,-0.00478583,0.067491,0.787734,0.618191,1.01053,0.429696,1.16298,0.368999,0.719253,1.25027,0.207604,0.340621,0.0886591,] 7 44 [101.567,31.4259,17.558,5.03602,16.234,4.58724,5.35552,8.17604,5.99852,15.4981,14.7841,18.3985,126.485,18.8594,15.7479,8.77029,4.65099,16.8869,9.9442,13.9772,6.02447,41.5203,8.75361,20.008,88.0988,]
n 487 0 1.97408 [-0.0535949,-0.165074,-2.68027,0.329086,0.27341,1.35866,1.16773,1.03594,-0.697781,0.0463395,1.36592,-0.386685,-0.282883,-0.451434,-0.439707,-1.02469,-0.303748,-0.750806,0.2175,-0.723643,0.159659,0.215178,-0.170218,0.0204897,0.308456,] 7 44 [101.567,31.4259,17.558,5.03602,16.234,4.58724,5.35552,8.17604,5.99852,15.4981,14.7841,18.3985,126.485,18.8594,15.7479,8.77029,4.65099,16.8869,9.9442,13.9772,6.02447,41.5203,8.75361,20.008,88.0988,]
n 953 1 2.89037 [-0.450255,0.33601,-2.34847,0.548349,1.08035,0.143794,2.13772,1.33768,-0.337908,0.75435,0.95375,0.0655091,-0.0186417,0.61596,0.829815,0.85665,0.567268,0.946871,0.964916,0.690196,0.716193,1.49959,0.210444,0.942308,-0.224714,] 7 44 [101.567,31.4259,17.558,5.03602,16.234,4.58724,5.35552,8.17604,5.99852,15.4981,14.7841,18.3985,126.485,18.8594,15.7479,8.77029,4.65099,16.8869,9.9442,13.9772,6.02447,41.5203,8.75361,20.008,88.0988,]
n 954 1 0.944462 [-0.253594,-0.0521406,-2.74039,-0.380015,0.710392,-0.227826,1.19564,1.29483,-1.03539,-0.231094,1.37897,-0.426386,-0.173934,-0.450172,-0.354947,-0.492621,-0.33984,-0.503519,-0.192365,-0.535603,-0.304788,-0.0418088,-0.276754,-0.215344,0.053029,] 7 44 [101.567,31.4259,17.558,5.03602,16.234,4.58724,5.35552,8.17604,5.99852,15.4981,14.7841,18.3985,126.485,18.8594,15.7479,8.77029,4.65099,16.8869,9.9442,13.9772,6.02447,41.5203,8.75361,20.008,88.0988,]
n 955 1 2.89037 [-0.328707,-0.144946,-2.92591,-1.05306,-0.154016,-0.482372,0.346481,0.803957,-2.01758,-0.636262,0.657838,-0.807439,-0.346684,-0.224709,0.0634516,0.0900193,0.0956375,-0.218983,-0.010652,-0.498458,-0.451054,0.136982,-0.482823,-0.60988,0.312097,] 7 44 [101.567,31.4259,17.558,5.03602,16.234,4.58724,5.35552,8.17604,5.99852,15.4981,14.7841,18.3985,126.485,18.8594,15.7479,8.77029,4.65099,16.8869,9.9442,13.9772,6.02447,41.5203,8.75361,20.008,88.0988,]
n 956 1 1.79176 [-0.207231,-1.06633,-2.83465,0.368537,-0.90005,1.46789,0.87689,0.0835136,-0.970478,-0.230583,0.791643,-1.00634,-0.43168,-0.935166,-0.839619,-1.44263,-2.00115,-1.09004,0.10774,-1.22999,-0.104778,-0.060739,-0.863466,-0.399799,0.194155,] 7 44 [101.567,31.4259,17.558,5.03602,16.234,4.58724,5.35552,8.17604,5.99852,15.4981,14.7841,18.3985,126.485,18.8594,15.7479,8.77029,4.65099,16.8869,9.9442,13.9772,6.02447,41.5203,8.75361,20.008,88.0988,]
127 128 596 658 890 891 1153 1154 1789 1790 7154 7155 8775 9287 9288 9903 9904 10697 
