==f
n 44 1 -0 [-0.225579,-0.10889,-2.59961,0.0402561,0.573411,0.358335,1.1812,1.12947,-0.889943,-0.215621,1.34838,-0.496986,-0.184556,-0.156844,0.0462954,-0.139633,0.059982,-0.237857,0.269468,-0.36569,0.111069,0.27777,-0.135913,-0.0977237,0.0412077,] 1 0 [2.65104,1.20384,1.56908,1.21314,1.39448,1.09345,1.21844,1.46323,1.22289,1.13231,1.1441,1.12641,1.25988,1.07316,1.11421,1.05017,1.07902,1.044,1.04106,1.0434,1.03958,1.04021,1.03157,1.03017,1.09823,]
127 128 596 658 890 891 1153 1154 1789 1790 7154 7155 8775 9287 9288 9903 9904 10697 
==f
n 44 1 -0 [-0.225579,-0.10889,-2.59961,0.0402561,0.573411,0.358335,1.1812,1.12947,-0.889943,-0.215621,1.34838,-0.496986,-0.184556,-0.156844,0.0462954,-0.139633,0.059982,-0.237857,0.269468,-0.36569,0.111069,0.27777,-0.135913,-0.0977237,0.0412077,] 1 0 [2.65104,1.20384,1.56908,1.21314,1.39448,1.09345,1.21844,1.46323,1.22289,1.13231,1.1441,1.12641,1.25988,1.07316,1.11421,1.05017,1.07902,1.044,1.04106,1.0434,1.03958,1.04021,1.03157,1.03017,1.09823,]
127 128 596 658 890 891 1153 1154 1789 1790 7154 7155 8775 9287 9288 9903 9904 10697 
==s
n 44 1 0.693147 [0.388595,0.802526,-1.80129,0.948171,1.42023,1.31465,2.08714,1.95616,0.0143451,0.724139,2.28329,0.445231,0.706358,0.808469,0.993657,0.836189,1.02267,0.740845,1.24955,0.613293,1.09185,1.25825,0.848669,0.887525,0.99544,] 200 0 [2.65104,1.20384,1.56908,1.21314,1.39448,1.09345,1.21844,1.46323,1.22289,1.13231,1.1441,1.12641,1.25988,1.07316,1.11421,1.05017,1.07902,1.044,1.04106,1.0434,1.03958,1.04021,1.03157,1.03017,1.09823,]
n 243 1 0.693147 [-0.839754,-1.02031,-3.39793,-0.867659,-0.273413,-0.597978,0.275262,0.302775,-1.79423,-1.15538,0.413474,-1.4392,-1.07547,-1.12216,-0.901066,-1.11546,-0.902705,-1.21656,-0.710615,-1.34467,-0.869709,-0.702711,-1.12049,-1.08297,-0.913025,] 200 0 [2.65104,1.20384,1.56908,1.21314,1.39448,1.09345,1.21844,1.46323,1.22289,1.13231,1.1441,1.12641,1.25988,1.07316,1.11421,1.05017,1.07902,1.044,1.04106,1.0434,1.03958,1.04021,1.03157,1.03017,1.09823,]
127 128 596 658 890 891 1153 1154 1789 1790 7154 7155 8775 9287 9288 9903 9904 10697 
==f
n 44 1 0.944462 [-0.190696,0.249843,-2.31149,0.476024,1.17183,0.589075,1.41643,1.45888,-0.54889,-0.133645,1.65505,-0.304939,-0.0661079,0.479744,0.824764,0.738975,1.33805,0.390328,0.84063,0.193605,0.699736,0.762538,0.366296,0.222523,-0.0748611,] 200 0 [2.73715,1.2671,1.64179,1.30779,1.53564,1.20525,1.36732,1.63411,1.45855,1.32695,1.35595,1.2921,1.33877,1.15239,1.21268,1.1695,1.20551,1.16739,1.17268,1.17891,1.22816,1.19923,1.20318,1.14893,1.15845,]
n 243 1 0.492476 [-0.247778,-0.337174,-2.78296,-0.23705,0.192598,0.2115,1.03151,0.919843,-1.10698,-0.267788,1.15323,-0.619197,-0.259933,-0.561946,-0.449094,-0.698747,-0.753336,-0.637611,-0.0939988,-0.721605,-0.263537,-0.0307178,-0.4555,-0.301517,0.11507,] 200 0 [2.73715,1.2671,1.64179,1.30779,1.53564,1.20525,1.36732,1.63411,1.45855,1.32695,1.35595,1.2921,1.33877,1.15239,1.21268,1.1695,1.20551,1.16739,1.17268,1.17891,1.22816,1.19923,1.20318,1.14893,1.15845,]
127 128 596 658 890 891 1153 1154 1789 1790 7154 7155 8775 9287 9288 9903 9904 10697 
==e
n 44 1 0.944462 [-0.190696,0.249843,-2.31149,0.476024,1.17183,0.589075,1.41643,1.45888,-0.54889,-0.133645,1.65505,-0.304939,-0.0661079,0.479744,0.824764,0.738975,1.33805,0.390328,0.84063,0.193605,0.699736,0.762538,0.366296,0.222523,-0.0748611,] 200 0 [2.73715,1.2671,1.64179,1.30779,1.53564,1.20525,1.36732,1.63411,1.45855,1.32695,1.35595,1.2921,1.33877,1.15239,1.21268,1.1695,1.20551,1.16739,1.17268,1.17891,1.22816,1.19923,1.20318,1.14893,1.15845,]
n 243 1 0.492476 [-0.247778,-0.337174,-2.78296,-0.23705,0.192598,0.2115,1.03151,0.919843,-1.10698,-0.267788,1.15323,-0.619197,-0.259933,-0.561946,-0.449094,-0.698747,-0.753336,-0.637611,-0.0939988,-0.721605,-0.263537,-0.0307178,-0.4555,-0.301517,0.11507,] 200 0 [2.73715,1.2671,1.64179,1.30779,1.53564,1.20525,1.36732,1.63411,1.45855,1.32695,1.35595,1.2921,1.33877,1.15239,1.21268,1.1695,1.20551,1.16739,1.17268,1.17891,1.22816,1.19923,1.20318,1.14893,1.15845,]
127 128 596 658 890 891 1153 1154 1789 1790 7154 7155 8775 9287 9288 9903 9904 10697 
==f
n 44 1 0.944462 [-0.190696,0.249843,-2.31149,0.476024,1.17183,0.589075,1.41643,1.45888,-0.54889,-0.133645,1.65505,-0.304939,-0.0661079,0.479744,0.824764,0.738975,1.33805,0.390328,0.84063,0.193605,0.699736,0.762538,0.366296,0.222523,-0.0748611,] 200 0 [2.85298,1.33591,1.71084,1.31621,1.57226,1.21035,1.39376,1.6861,1.5503,1.42341,1.46702,1.37204,1.43358,1.18026,1.20617,1.15182,1.19786,1.159,1.16896,1.18849,1.27727,1.25101,1.2719,1.18725,1.2033,]
n 243 1 0.492476 [-0.247778,-0.337174,-2.78296,-0.23705,0.192598,0.2115,1.03151,0.919843,-1.10698,-0.267788,1.15323,-0.619197,-0.259933,-0.561946,-0.449094,-0.698747,-0.753336,-0.637611,-0.0939988,-0.721605,-0.263537,-0.0307178,-0.4555,-0.301517,0.11507,] 200 0 [2.85298,1.33591,1.71084,1.31621,1.57226,1.21035,1.39376,1.6861,1.5503,1.42341,1.46702,1.37204,1.43358,1.18026,1.20617,1.15182,1.19786,1.159,1.16896,1.18849,1.27727,1.25101,1.2719,1.18725,1.2033,]
127 128 596 658 890 891 1153 1154 1789 1790 7154 7155 8775 9287 9288 9903 9904 10697 
==f
n 44 1 0.944462 [-0.190696,0.249843,-2.31149,0.476024,1.17183,0.589075,1.41643,1.45888,-0.54889,-0.133645,1.65505,-0.304939,-0.0661079,0.479744,0.824764,0.738975,1.33805,0.390328,0.84063,0.193605,0.699736,0.762538,0.366296,0.222523,-0.0748611,] 200 0 [2.93047,1.39933,1.77436,1.32464,1.59952,1.20384,1.39929,1.70896,1.56048,1.47158,1.53447,1.43715,1.49365,1.1883,1.20606,1.14385,1.19055,1.13797,1.15148,1.17412,1.27314,1.28455,1.31807,1.22476,1.22601,]
n 243 1 0.492476 [-0.247778,-0.337174,-2.78296,-0.23705,0.192598,0.2115,1.03151,0.919843,-1.10698,-0.267788,1.15323,-0.619197,-0.259933,-0.561946,-0.449094,-0.698747,-0.753336,-0.637611,-0.0939988,-0.721605,-0.263537,-0.0307178,-0.4555,-0.301517,0.11507,] 200 0 [2.93047,1.39933,1.77436,1.32464,1.59952,1.20384,1.39929,1.70896,1.56048,1.47158,1.53447,1.43715,1.49365,1.1883,1.20606,1.14385,1.19055,1.13797,1.15148,1.17412,1.27314,1.28455,1.31807,1.22476,1.22601,]
127 128 596 658 890 891 1153 1154 1789 1790 7154 7155 8775 9287 9288 9903 9904 10697 
==f
n 44 1 0.944462 [-0.190696,0.249843,-2.31149,0.476024,1.17183,0.589075,1.41643,1.45888,-0.54889,-0.133645,1.65505,-0.304939,-0.0661079,0.479744,0.824764,0.738975,1.33805,0.390328,0.84063,0.193605,0.699736,0.762538,0.366296,0.222523,-0.0748611,] 200 0 [2.9556,1.41477,1.84133,1.32489,1.61428,1.19666,1.39412,1.70665,1.54335,1.48679,1.58191,1.48103,1.50586,1.19497,1.20774,1.13816,1.18674,1.12749,1.13884,1.15432,1.2569,1.30017,1.35297,1.25693,1.22932,]
n 243 1 0.492476 [-0.247778,-0.337174,-2.78296,-0.23705,0.192598,0.2115,1.03151,0.919843,-1.10698,-0.267788,1.15323,-0.619197,-0.259933,-0.561946,-0.449094,-0.698747,-0.753336,-0.637611,-0.0939988,-0.721605,-0.263537,-0.0307178,-0.4555,-0.301517,0.11507,] 200 0 [2.9556,1.41477,1.84133,1.32489,1.61428,1.19666,1.39412,1.70665,1.54335,1.48679,1.58191,1.48103,1.50586,1.19497,1.20774,1.13816,1.18674,1.12749,1.13884,1.15432,1.2569,1.30017,1.35297,1.25693,1.22932,]
127 128 596 658 890 891 1153 1154 1789 1790 7154 7155 8775 9287 9288 9903 9904 10697 
==f
n 44 1 0.944462 [-0.190696,0.249843,-2.31149,0.476024,1.17183,0.589075,1.41643,1.45888,-0.54889,-0.133645,1.65505,-0.304939,-0.0661079,0.479744,0.824764,0.738975,1.33805,0.390328,0.84063,0.193605,0.699736,0.762538,0.366296,0.222523,-0.0748611,] 200 0 [2.97252,1.41972,1.87009,1.3258,1.62139,1.19287,1.38876,1.70888,1.5243,1.48399,1.61881,1.50337,1.51497,1.19463,1.20857,1.13736,1.18785,1.12545,1.13479,1.14677,1.24194,1.29836,1.38884,1.27829,1.23216,]
n 243 1 0.492476 [-0.247778,-0.337174,-2.78296,-0.23705,0.192598,0.2115,1.03151,0.919843,-1.10698,-0.267788,1.15323,-0.619197,-0.259933,-0.561946,-0.449094,-0.698747,-0.753336,-0.637611,-0.0939988,-0.721605,-0.263537,-0.0307178,-0.4555,-0.301517,0.11507,] 200 0 [2.97252,1.41972,1.87009,1.3258,1.62139,1.19287,1.38876,1.70888,1.5243,1.48399,1.61881,1.50337,1.51497,1.19463,1.20857,1.13736,1.18785,1.12545,1.13479,1.14677,1.24194,1.29836,1.38884,1.27829,1.23216,]
127 128 596 658 890 891 1153 1154 1789 1790 7154 7155 8775 9287 9288 9903 9904 10697 
==f
n 44 1 0.944462 [-0.190696,0.249843,-2.31149,0.476024,1.17183,0.589075,1.41643,1.45888,-0.54889,-0.133645,1.65505,-0.304939,-0.0661079,0.479744,0.824764,0.738975,1.33805,0.390328,0.84063,0.193605,0.699736,0.762538,0.366296,0.222523,-0.0748611,] 200 0 [2.99636,1.42765,1.91139,1.32734,1.63033,1.19343,1.38567,1.7069,1.50458,1.47537,1.6467,1.52073,1.52067,1.19272,1.20847,1.1371,1.18944,1.12318,1.13108,1.14088,1.22803,1.29182,1.41356,1.29806,1.23956,]
n 243 1 0.492476 [-0.247778,-0.337174,-2.78296,-0.23705,0.192598,0.2115,1.03151,0.919843,-1.10698,-0.267788,1.15323,-0.619197,-0.259933,-0.561946,-0.449094,-0.698747,-0.753336,-0.637611,-0.0939988,-0.721605,-0.263537,-0.0307178,-0.4555,-0.301517,0.11507,] 200 0 [2.99636,1.42765,1.91139,1.32734,1.63033,1.19343,1.38567,1.7069,1.50458,1.47537,1.6467,1.52073,1.52067,1.19272,1.20847,1.1371,1.18944,1.12318,1.13108,1.14088,1.22803,1.29182,1.41356,1.29806,1.23956,]
127 128 596 658 890 891 1153 1154 1789 1790 7154 7155 8775 9287 9288 9903 9904 10697 
==s
n 44 1 1.63761 [0.387005,1.08677,-1.58817,1.344,1.95501,1.50446,2.26594,2.22429,0.266362,0.689639,2.43433,0.505974,0.744821,1.3954,1.73443,1.67676,2.25497,1.3339,1.7809,1.12983,1.60213,1.64237,1.20739,1.10024,0.823325,] 597 0 [2.99636,1.42765,1.91139,1.32734,1.63033,1.19343,1.38567,1.7069,1.50458,1.47537,1.6467,1.52073,1.52067,1.19272,1.20847,1.1371,1.18944,1.12318,1.13108,1.14088,1.22803,1.29182,1.41356,1.29806,1.23956,]
n 243 1 1.18562 [0.329923,0.499755,-2.05965,0.630926,0.975778,1.12688,1.88102,1.68526,-0.291724,0.555497,1.93251,0.191716,0.550996,0.353708,0.460572,0.239033,0.16358,0.30596,0.846273,0.214618,0.638857,0.849111,0.385592,0.576197,1.01326,] 597 0 [2.99636,1.42765,1.91139,1.32734,1.63033,1.19343,1.38567,1.7069,1.50458,1.47537,1.6467,1.52073,1.52067,1.19272,1.20847,1.1371,1.18944,1.12318,1.13108,1.14088,1.22803,1.29182,1.41356,1.29806,1.23956,]
n 486 1 1.63761 [-0.768396,-0.587086,-3.0348,-0.391953,0.38865,-0.326307,0.566914,0.693465,-1.36414,-0.95693,0.875767,-1.11585,-0.877036,-0.43591,-0.0849019,-0.198806,0.421137,-0.553243,-0.0996417,-0.742618,-0.202658,-0.117291,-0.474796,-0.655192,-0.973047,] 597 0 [2.99636,1.42765,1.91139,1.32734,1.63033,1.19343,1.38567,1.7069,1.50458,1.47537,1.6467,1.52073,1.52067,1.19272,1.20847,1.1371,1.18944,1.12318,1.13108,1.14088,1.22803,1.29182,1.41356,1.29806,1.23956,]
n 487 1 1.18562 [-0.825478,-1.1741,-3.50628,-1.10503,-0.590582,-0.703881,0.181996,0.15443,-1.92223,-1.09107,0.373952,-1.43011,-1.07086,-1.4776,-1.35876,-1.63653,-1.67025,-1.58118,-1.03427,-1.65783,-1.16593,-0.910547,-1.29659,-1.17923,-0.783117,] 597 0 [2.99636,1.42765,1.91139,1.32734,1.63033,1.19343,1.38567,1.7069,1.50458,1.47537,1.6467,1.52073,1.52067,1.19272,1.20847,1.1371,1.18944,1.12318,1.13108,1.14088,1.22803,1.29182,1.41356,1.29806,1.23956,]
127 128 596 658 890 891 1153 1154 1789 1790 7154 7155 8775 9287 9288 9903 9904 10697 
==f
n 44 0 1.63761 [0.387005,1.08677,-1.58817,1.344,1.95501,1.50446,2.26594,2.22429,0.266362,0.689639,2.43433,0.505974,0.744821,1.3954,1.73443,1.67676,2.25497,1.3339,1.7809,1.12983,1.60213,1.64237,1.20739,1.10024,0.823325,] 558 0 [3.21552,1.55799,2.19198,1.51795,1.87514,1.36384,1.57291,1.87443,1.61057,1.52394,1.66418,1.52292,1.74065,1.3069,1.37935,1.32471,1.37967,1.29733,1.29625,1.26906,1.30384,1.3175,1.4137,1.30514,1.38956,]
n 243 1 1.09861 [-0.198966,0.520778,-2.22999,0.55377,1.3856,0.555857,1.70683,1.59791,-0.494622,0.0154161,1.80389,-0.193378,-0.0763282,0.548453,0.830936,0.759105,1.39264,0.383767,0.786905,0.164372,0.696483,0.681249,0.392745,0.20284,-0.102114,] 558 0 [3.21552,1.55799,2.19198,1.51795,1.87514,1.36384,1.57291,1.87443,1.61057,1.52394,1.66418,1.52292,1.74065,1.3069,1.37935,1.32471,1.37967,1.29733,1.29625,1.26906,1.30384,1.3175,1.4137,1.30514,1.38956,]
n 486 1 0.693147 [-0.249437,-0.209522,-2.76768,-0.411514,0.523104,-0.143198,0.932217,1.16583,-1.12665,-0.364659,1.23029,-0.529605,-0.174334,-0.367602,-0.181493,-0.304459,-0.141412,-0.368213,-0.0215809,-0.430965,-0.207257,0.121621,-0.245833,-0.197408,0.0857732,] 558 0 [3.21552,1.55799,2.19198,1.51795,1.87514,1.36384,1.57291,1.87443,1.61057,1.52394,1.66418,1.52292,1.74065,1.3069,1.37935,1.32471,1.37967,1.29733,1.29625,1.26906,1.30384,1.3175,1.4137,1.30514,1.38956,]
n 487 1 1.79176 [-0.207231,-1.06633,-2.83465,0.368537,-0.90005,1.46789,0.87689,0.0835136,-0.970478,-0.230583,0.791643,-1.00634,-0.43168,-0.935166,-0.839619,-1.44263,-2.00115,-1.09004,0.10774,-1.22999,-0.104778,-0.060739,-0.863466,-0.399799,0.194155,] 558 0 [3.21552,1.55799,2.19198,1.51795,1.87514,1.36384,1.57291,1.87443,1.61057,1.52394,1.66418,1.52292,1.74065,1.3069,1.37935,1.32471,1.37967,1.29733,1.29625,1.26906,1.30384,1.3175,1.4137,1.30514,1.38956,]
127 128 596 658 890 891 1153 1154 1789 1790 7154 7155 8775 9287 9288 9903 9904 10697 
==e
n 44 0 1.63761 [0.387005,1.08677,-1.58817,1.344,1.95501,1.50446,2.26594,2.22429,0.266362,0.689639,2.43433,0.505974,0.744821,1.3954,1.73443,1.67676,2.25497,1.3339,1.7809,1.12983,1.60213,1.64237,1.20739,1.10024,0.823325,] 558 0 [3.21552,1.55799,2.19198,1.51795,1.87514,1.36384,1.57291,1.87443,1.61057,1.52394,1.66418,1.52292,1.74065,1.3069,1.37935,1.32471,1.37967,1.29733,1.29625,1.26906,1.30384,1.3175,1.4137,1.30514,1.38956,]
n 243 1 1.09861 [-0.198966,0.520778,-2.22999,0.55377,1.3856,0.555857,1.70683,1.59791,-0.494622,0.0154161,1.80389,-0.193378,-0.0763282,0.548453,0.830936,0.759105,1.39264,0.383767,0.786905,0.164372,0.696483,0.681249,0.392745,0.20284,-0.102114,] 558 0 [3.21552,1.55799,2.19198,1.51795,1.87514,1.36384,1.57291,1.87443,1.61057,1.52394,1.66418,1.52292,1.74065,1.3069,1.37935,1.32471,1.37967,1.29733,1.29625,1.26906,1.30384,1.3175,1.4137,1.30514,1.38956,]
n 486 1 0.693147 [-0.249437,-0.209522,-2.76768,-0.411514,0.523104,-0.143198,0.932217,1.16583,-1.12665,-0.364659,1.23029,-0.529605,-0.174334,-0.367602,-0.181493,-0.304459,-0.141412,-0.368213,-0.0215809,-0.430965,-0.207257,0.121621,-0.245833,-0.197408,0.0857732,] 558 0 [3.21552,1.55799,2.19198,1.51795,1.87514,1.36384,1.57291,1.87443,1.61057,1.52394,1.66418,1.52292,1.74065,1.3069,1.37935,1.32471,1.37967,1.29733,1.29625,1.26906,1.30384,1.3175,1.4137,1.30514,1.38956,]
n 487 1 1.79176 [-0.207231,-1.06633,-2.83465,0.368537,-0.90005,1.46789,0.87689,0.0835136,-0.970478,-0.230583,0.791643,-1.00634,-0.43168,-0.935166,-0.839619,-1.44263,-2.00115,-1.09004,0.10774,-1.22999,-0.104778,-0.060739,-0.863466,-0.399799,0.194155,] 558 0 [3.21552,1.55799,2.19198,1.51795,1.87514,1.36384,1.57291,1.87443,1.61057,1.52394,1.66418,1.52292,1.74065,1.3069,1.37935,1.32471,1.37967,1.29733,1.29625,1.26906,1.30384,1.3175,1.4137,1.30514,1.38956,]
127 128 596 658 890 891 1153 1154 1789 1790 7154 7155 8775 9287 9288 9903 9904 10697 
==f
n 44 0 1.63761 [0.387005,1.08677,-1.58817,1.344,1.95501,1.50446,2.26594,2.22429,0.266362,0.689639,2.43433,0.505974,0.744821,1.3954,1.73443,1.67676,2.25497,1.3339,1.7809,1.12983,1.60213,1.64237,1.20739,1.10024,0.823325,] 557 0 [3.36138,1.65376,2.36704,1.58971,2.01081,1.45064,1.67641,1.95236,1.67505,1.62416,1.82607,1.62982,1.87639,1.3417,1.39779,1.35962,1.45507,1.37244,1.33937,1.29513,1.3264,1.35133,1.45743,1.35873,1.45802,]
n 243 1 1.09861 [-0.198966,0.520778,-2.22999,0.55377,1.3856,0.555857,1.70683,1.59791,-0.494622,0.0154161,1.80389,-0.193378,-0.0763282,0.548453,0.830936,0.759105,1.39264,0.383767,0.786905,0.164372,0.696483,0.681249,0.392745,0.20284,-0.102114,] 557 0 [3.36138,1.65376,2.36704,1.58971,2.01081,1.45064,1.67641,1.95236,1.67505,1.62416,1.82607,1.62982,1.87639,1.3417,1.39779,1.35962,1.45507,1.37244,1.33937,1.29513,1.3264,1.35133,1.45743,1.35873,1.45802,]
n 486 1 0.693147 [-0.249437,-0.209522,-2.76768,-0.411514,0.523104,-0.143198,0.932217,1.16583,-1.12665,-0.364659,1.23029,-0.529605,-0.174334,-0.367602,-0.181493,-0.304459,-0.141412,-0.368213,-0.0215809,-0.430965,-0.207257,0.121621,-0.245833,-0.197408,0.0857732,] 557 0 [3.36138,1.65376,2.36704,1.58971,2.01081,1.45064,1.67641,1.95236,1.67505,1.62416,1.82607,1.62982,1.87639,1.3417,1.39779,1.35962,1.45507,1.37244,1.33937,1.29513,1.3264,1.35133,1.45743,1.35873,1.45802,]
n 487 1 1.79176 [-0.207231,-1.06633,-2.83465,0.368537,-0.90005,1.46789,0.87689,0.0835136,-0.970478,-0.230583,0.791643,-1.00634,-0.43168,-0.935166,-0.839619,-1.44263,-2.00115,-1.09004,0.10774,-1.22999,-0.104778,-0.060739,-0.863466,-0.399799,0.194155,] 557 0 [3.36138,1.65376,2.36704,1.58971,2.01081,1.45064,1.67641,1.95236,1.67505,1.62416,1.82607,1.62982,1.87639,1.3417,1.39779,1.35962,1.45507,1.37244,1.33937,1.29513,1.3264,1.35133,1.45743,1.35873,1.45802,]
127 128 596 658 890 891 1153 1154 1789 1790 7154 7155 8775 9287 9288 9903 9904 10697 
==f
n 44 0 1.63761 [0.387005,1.08677,-1.58817,1.344,1.95501,1.50446,2.26594,2.22429,0.266362,0.689639,2.43433,0.505974,0.744821,1.3954,1.73443,1.67676,2.25497,1.3339,1.7809,1.12983,1.60213,1.64237,1.20739,1.10024,0.823325,] 557 0 [3.46843,1.70874,2.49013,1.59636,2.09845,1.49174,1.7285,1.98567,1.70907,1.67626,1.89266,1.69668,1.94601,1.35422,1.39745,1.34976,1.46968,1.39665,1.35324,1.29356,1.31585,1.34768,1.45686,1.38243,1.4908,]
n 243 1 1.09861 [-0.198966,0.520778,-2.22999,0.55377,1.3856,0.555857,1.70683,1.59791,-0.494622,0.0154161,1.80389,-0.193378,-0.0763282,0.548453,0.830936,0.759105,1.39264,0.383767,0.786905,0.164372,0.696483,0.681249,0.392745,0.20284,-0.102114,] 557 0 [3.46843,1.70874,2.49013,1.59636,2.09845,1.49174,1.7285,1.98567,1.70907,1.67626,1.89266,1.69668,1.94601,1.35422,1.39745,1.34976,1.46968,1.39665,1.35324,1.29356,1.31585,1.34768,1.45686,1.38243,1.4908,]
n 486 1 0.693147 [-0.249437,-0.209522,-2.76768,-0.411514,0.523104,-0.143198,0.932217,1.16583,-1.12665,-0.364659,1.23029,-0.529605,-0.174334,-0.367602,-0.181493,-0.304459,-0.141412,-0.368213,-0.0215809,-0.430965,-0.207257,0.121621,-0.245833,-0.197408,0.0857732,] 557 0 [3.46843,1.70874,2.49013,1.59636,2.09845,1.49174,1.7285,1.98567,1.70907,1.67626,1.89266,1.69668,1.94601,1.35422,1.39745,1.34976,1.46968,1.39665,1.35324,1.29356,1.31585,1.34768,1.45686,1.38243,1.4908,]
n 487 1 1.79176 [-0.207231,-1.06633,-2.83465,0.368537,-0.90005,1.46789,0.87689,0.0835136,-0.970478,-0.230583,0.791643,-1.00634,-0.43168,-0.935166,-0.839619,-1.44263,-2.00115,-1.09004,0.10774,-1.22999,-0.104778,-0.060739,-0.863466,-0.399799,0.194155,] 557 0 [3.46843,1.70874,2.49013,1.59636,2.09845,1.49174,1.7285,1.98567,1.70907,1.67626,1.89266,1.69668,1.94601,1.35422,1.39745,1.34976,1.46968,1.39665,1.35324,1.29356,1.31585,1.34768,1.45686,1.38243,1.4908,]
127 128 596 658 890 891 1153 1154 1789 1790 7154 7155 8775 9287 9288 9903 9904 10697 
==f
n 44 0 1.63761 [0.387005,1.08677,-1.58817,1.344,1.95501,1.50446,2.26594,2.22429,0.266362,0.689639,2.43433,0.505974,0.744821,1.3954,1.73443,1.67676,2.25497,1.3339,1.7809,1.12983,1.60213,1.64237,1.20739,1.10024,0.823325,] 557 0 [3.55105,1.74696,2.55514,1.59948,2.13957,1.52095,1.77051,1.99559,1.72761,1.69376,1.93256,1.72438,1.96646,1.36065,1.39651,1.32928,1.47578,1.4151,1.35667,1.29366,1.31081,1.33658,1.46234,1.39067,1.51294,]
n 243 1 1.09861 [-0.198966,0.520778,-2.22999,0.55377,1.3856,0.555857,1.70683,1.59791,-0.494622,0.0154161,1.80389,-0.193378,-0.0763282,0.548453,0.830936,0.759105,1.39264,0.383767,0.786905,0.164372,0.696483,0.681249,0.392745,0.20284,-0.102114,] 557 0 [3.55105,1.74696,2.55514,1.59948,2.13957,1.52095,1.77051,1.99559,1.72761,1.69376,1.93256,1.72438,1.96646,1.36065,1.39651,1.32928,1.47578,1.4151,1.35667,1.29366,1.31081,1.33658,1.46234,1.39067,1.51294,]
n 486 1 0.693147 [-0.249437,-0.209522,-2.76768,-0.411514,0.523104,-0.143198,0.932217,1.16583,-1.12665,-0.364659,1.23029,-0.529605,-0.174334,-0.367602,-0.181493,-0.304459,-0.141412,-0.368213,-0.0215809,-0.430965,-0.207257,0.121621,-0.245833,-0.197408,0.0857732,] 557 0 [3.55105,1.74696,2.55514,1.59948,2.13957,1.52095,1.77051,1.99559,1.72761,1.69376,1.93256,1.72438,1.96646,1.36065,1.39651,1.32928,1.47578,1.4151,1.35667,1.29366,1.31081,1.33658,1.46234,1.39067,1.51294,]
n 487 1 1.79176 [-0.207231,-1.06633,-2.83465,0.368537,-0.90005,1.46789,0.87689,0.0835136,-0.970478,-0.230583,0.791643,-1.00634,-0.43168,-0.935166,-0.839619,-1.44263,-2.00115,-1.09004,0.10774,-1.22999,-0.104778,-0.060739,-0.863466,-0.399799,0.194155,] 557 0 [3.55105,1.74696,2.55514,1.59948,2.13957,1.52095,1.77051,1.99559,1.72761,1.69376,1.93256,1.72438,1.96646,1.36065,1.39651,1.32928,1.47578,1.4151,1.35667,1.29366,1.31081,1.33658,1.46234,1.39067,1.51294,]
127 128 596 658 890 891 1153 1154 1789 1790 7154 7155 8775 9287 9288 9903 9904 10697 
==f
n 44 0 1.63761 [0.387005,1.08677,-1.58817,1.344,1.95501,1.50446,2.26594,2.22429,0.266362,0.689639,2.43433,0.505974,0.744821,1.3954,1.73443,1.67676,2.25497,1.3339,1.7809,1.12983,1.60213,1.64237,1.20739,1.10024,0.823325,] 557 0 [3.58694,1.77619,2.60021,1.59336,2.15696,1.53741,1.79073,2.00402,1.73485,1.69833,1.95247,1.74208,1.97937,1.36585,1.3973,1.32391,1.47726,1.41656,1.35638,1.29439,1.30554,1.33194,1.46354,1.39445,1.52184,]
n 243 1 1.09861 [-0.198966,0.520778,-2.22999,0.55377,1.3856,0.555857,1.70683,1.59791,-0.494622,0.0154161,1.80389,-0.193378,-0.0763282,0.548453,0.830936,0.759105,1.39264,0.383767,0.786905,0.164372,0.696483,0.681249,0.392745,0.20284,-0.102114,] 557 0 [3.58694,1.77619,2.60021,1.59336,2.15696,1.53741,1.79073,2.00402,1.73485,1.69833,1.95247,1.74208,1.97937,1.36585,1.3973,1.32391,1.47726,1.41656,1.35638,1.29439,1.30554,1.33194,1.46354,1.39445,1.52184,]
n 486 1 0.693147 [-0.249437,-0.209522,-2.76768,-0.411514,0.523104,-0.143198,0.932217,1.16583,-1.12665,-0.364659,1.23029,-0.529605,-0.174334,-0.367602,-0.181493,-0.304459,-0.141412,-0.368213,-0.0215809,-0.430965,-0.207257,0.121621,-0.245833,-0.197408,0.0857732,] 557 0 [3.58694,1.77619,2.60021,1.59336,2.15696,1.53741,1.79073,2.00402,1.73485,1.69833,1.95247,1.74208,1.97937,1.36585,1.3973,1.32391,1.47726,1.41656,1.35638,1.29439,1.30554,1.33194,1.46354,1.39445,1.52184,]
n 487 1 1.79176 [-0.207231,-1.06633,-2.83465,0.368537,-0.90005,1.46789,0.87689,0.0835136,-0.970478,-0.230583,0.791643,-1.00634,-0.43168,-0.935166,-0.839619,-1.44263,-2.00115,-1.09004,0.10774,-1.22999,-0.104778,-0.060739,-0.863466,-0.399799,0.194155,] 557 0 [3.58694,1.77619,2.60021,1.59336,2.15696,1.53741,1.79073,2.00402,1.73485,1.69833,1.95247,1.74208,1.97937,1.36585,1.3973,1.32391,1.47726,1.41656,1.35638,1.29439,1.30554,1.33194,1.46354,1.39445,1.52184,]
127 128 596 658 890 891 1153 1154 1789 1790 7154 7155 8775 9287 9288 9903 9904 10697 
==f
n 44 0 1.63761 [0.387005,1.08677,-1.58817,1.344,1.95501,1.50446,2.26594,2.22429,0.266362,0.689639,2.43433,0.505974,0.744821,1.3954,1.73443,1.67676,2.25497,1.3339,1.7809,1.12983,1.60213,1.64237,1.20739,1.10024,0.823325,] 557 0 [3.60534,1.79327,2.61888,1.59678,2.16492,1.54387,1.80296,1.99954,1.7316,1.70023,1.96513,1.75425,1.97995,1.36771,1.3968,1.32397,1.47335,1.41786,1.35384,1.28898,1.30526,1.33554,1.46445,1.39959,1.52272,]
n 243 1 1.09861 [-0.198966,0.520778,-2.22999,0.55377,1.3856,0.555857,1.70683,1.59791,-0.494622,0.0154161,1.80389,-0.193378,-0.0763282,0.548453,0.830936,0.759105,1.39264,0.383767,0.786905,0.164372,0.696483,0.681249,0.392745,0.20284,-0.102114,] 557 0 [3.60534,1.79327,2.61888,1.59678,2.16492,1.54387,1.80296,1.99954,1.7316,1.70023,1.96513,1.75425,1.97995,1.36771,1.3968,1.32397,1.47335,1.41786,1.35384,1.28898,1.30526,1.33554,1.46445,1.39959,1.52272,]
n 486 1 0.693147 [-0.249437,-0.209522,-2.76768,-0.411514,0.523104,-0.143198,0.932217,1.16583,-1.12665,-0.364659,1.23029,-0.529605,-0.174334,-0.367602,-0.181493,-0.304459,-0.141412,-0.368213,-0.0215809,-0.430965,-0.207257,0.121621,-0.245833,-0.197408,0.0857732,] 557 0 [3.60534,1.79327,2.61888,1.59678,2.16492,1.54387,1.80296,1.99954,1.7316,1.70023,1.96513,1.75425,1.97995,1.36771,1.3968,1.32397,1.47335,1.41786,1.35384,1.28898,1.30526,1.33554,1.46445,1.39959,1.52272,]
n 487 1 1.79176 [-0.207231,-1.06633,-2.83465,0.368537,-0.90005,1.46789,0.87689,0.0835136,-0.970478,-0.230583,0.791643,-1.00634,-0.43168,-0.935166,-0.839619,-1.44263,-2.00115,-1.09004,0.10774,-1.22999,-0.104778,-0.060739,-0.863466,-0.399799,0.194155,] 557 0 [3.60534,1.79327,2.61888,1.59678,2.16492,1.54387,1.80296,1.99954,1.7316,1.70023,1.96513,1.75425,1.97995,1.36771,1.3968,1.32397,1.47335,1.41786,1.35384,1.28898,1.30526,1.33554,1.46445,1.39959,1.52272,]
127 128 596 658 890 891 1153 1154 1789 1790 7154 7155 8775 9287 9288 9903 9904 10697 
==s
n 44 0 1.63761 [0.387005,1.08677,-1.58817,1.344,1.95501,1.50446,2.26594,2.22429,0.266362,0.689639,2.43433,0.505974,0.744821,1.3954,1.73443,1.67676,2.25497,1.3339,1.7809,1.12983,1.60213,1.64237,1.20739,1.10024,0.823325,] 1226 0 [3.60534,1.79327,2.61888,1.59678,2.16492,1.54387,1.80296,1.99954,1.7316,1.70023,1.96513,1.75425,1.97995,1.36771,1.3968,1.32397,1.47335,1.41786,1.35384,1.28898,1.30526,1.33554,1.46445,1.39959,1.52272,]
n 243 1 1.79176 [0.32769,1.26753,-1.61205,1.34514,2.06524,1.36067,2.45157,2.30509,0.265313,0.78233,2.51724,0.561635,0.634351,1.40353,1.67706,1.62819,2.21649,1.22358,1.64635,1.04517,1.57177,1.54656,1.21909,1.04812,0.708268,] 1226 0 [3.60534,1.79327,2.61888,1.59678,2.16492,1.54387,1.80296,1.99954,1.7316,1.70023,1.96513,1.75425,1.97995,1.36771,1.3968,1.32397,1.47335,1.41786,1.35384,1.28898,1.30526,1.33554,1.46445,1.39959,1.52272,]
n 486 1 1.38629 [0.277219,0.537231,-2.14975,0.379851,1.20274,0.661615,1.67696,1.87302,-0.366711,0.402255,1.94364,0.225408,0.536345,0.487471,0.664629,0.564622,0.682435,0.471601,0.83786,0.449834,0.668031,0.98693,0.580515,0.64787,0.896156,] 1226 0 [3.60534,1.79327,2.61888,1.59678,2.16492,1.54387,1.80296,1.99954,1.7316,1.70023,1.96513,1.75425,1.97995,1.36771,1.3968,1.32397,1.47335,1.41786,1.35384,1.28898,1.30526,1.33554,1.46445,1.39959,1.52272,]
n 487 1 2.48491 [0.319425,-0.319576,-2.21672,1.1599,-0.22041,2.2727,1.62163,0.790701,-0.210543,0.536332,1.505,-0.251331,0.278998,-0.0800925,0.00650334,-0.57355,-1.1773,-0.250221,0.967181,-0.349191,0.77051,0.80457,-0.0371169,0.445478,1.00454,] 1226 0 [3.60534,1.79327,2.61888,1.59678,2.16492,1.54387,1.80296,1.99954,1.7316,1.70023,1.96513,1.75425,1.97995,1.36771,1.3968,1.32397,1.47335,1.41786,1.35384,1.28898,1.30526,1.33554,1.46445,1.39959,1.52272,]
n 963 1 1.79176 [-0.725622,-0.225975,-2.84792,-0.237595,0.70596,-0.248955,0.962087,0.890719,-1.25456,-0.751498,1.09054,-0.948391,-0.787007,-0.30662,-0.0151866,-0.109976,0.568792,-0.456047,-0.0725352,-0.716426,-0.178806,-0.18406,-0.433604,-0.642438,-0.912497,] 1226 0 [3.60534,1.79327,2.61888,1.59678,2.16492,1.54387,1.80296,1.99954,1.7316,1.70023,1.96513,1.75425,1.97995,1.36771,1.3968,1.32397,1.47335,1.41786,1.35384,1.28898,1.30526,1.33554,1.46445,1.39959,1.52272,]
n 964 1 1.38629 [-0.776094,-0.956275,-3.38562,-1.20288,-0.156536,-0.94801,0.187473,0.45864,-1.88658,-1.13157,0.516935,-1.28462,-0.885013,-1.22268,-1.02762,-1.17354,-0.96526,-1.20803,-0.881021,-1.31176,-1.08255,-0.743688,-1.07218,-1.04269,-0.724609,] 1226 0 [3.60534,1.79327,2.61888,1.59678,2.16492,1.54387,1.80296,1.99954,1.7316,1.70023,1.96513,1.75425,1.97995,1.36771,1.3968,1.32397,1.47335,1.41786,1.35384,1.28898,1.30526,1.33554,1.46445,1.39959,1.52272,]
n 965 1 2.48491 [-0.733887,-1.81308,-3.45258,-0.422828,-1.57969,0.663074,0.132146,-0.623674,-1.73041,-0.997497,0.0782902,-1.76136,-1.14236,-1.79024,-1.68574,-2.31171,-2.825,-1.92985,-0.7517,-2.11079,-0.980067,-0.926048,-1.68981,-1.24508,-0.616227,] 1226 0 [3.60534,1.79327,2.61888,1.59678,2.16492,1.54387,1.80296,1.99954,1.7316,1.70023,1.96513,1.75425,1.97995,1.36771,1.3968,1.32397,1.47335,1.41786,1.35384,1.28898,1.30526,1.33554,1.46445,1.39959,1.52272,]
127 128 596 658 890 891 1153 1154 1789 1790 7154 7155 8775 9287 9288 9903 9904 10697 
==f
n 44 0 1.63761 [0.387005,1.08677,-1.58817,1.344,1.95501,1.50446,2.26594,2.22429,0.266362,0.689639,2.43433,0.505974,0.744821,1.3954,1.73443,1.67676,2.25497,1.3339,1.7809,1.12983,1.60213,1.64237,1.20739,1.10024,0.823325,] 1116 0 [3.88809,2.03776,3.23958,1.83464,2.4232,1.64797,1.93246,2.22123,1.82862,1.77777,2.15244,1.9247,2.30175,1.55089,1.62997,1.53947,1.65608,1.52525,1.45849,1.41594,1.40692,1.45204,1.68025,1.51712,1.73795,]
n 243 0 1.79176 [0.32769,1.26753,-1.61205,1.34514,2.06524,1.36067,2.45157,2.30509,0.265313,0.78233,2.51724,0.561635,0.634351,1.40353,1.67706,1.62819,2.21649,1.22358,1.64635,1.04517,1.57177,1.54656,1.21909,1.04812,0.708268,] 1116 0 [3.88809,2.03776,3.23958,1.83464,2.4232,1.64797,1.93246,2.22123,1.82862,1.77777,2.15244,1.9247,2.30175,1.55089,1.62997,1.53947,1.65608,1.52525,1.45849,1.41594,1.40692,1.45204,1.68025,1.51712,1.73795,]
n 486 1 1.09861 [-0.198966,0.520778,-2.22999,0.55377,1.3856,0.555857,1.70683,1.59791,-0.494622,0.0154161,1.80389,-0.193378,-0.0763282,0.548453,0.830936,0.759105,1.39264,0.383767,0.786905,0.164372,0.696483,0.681249,0.392745,0.20284,-0.102114,] 1116 0 [3.88809,2.03776,3.23958,1.83464,2.4232,1.64797,1.93246,2.22123,1.82862,1.77777,2.15244,1.9247,2.30175,1.55089,1.62997,1.53947,1.65608,1.52525,1.45849,1.41594,1.40692,1.45204,1.68025,1.51712,1.73795,]
n 487 1 2.89037 [-0.254464,-1.06275,-2.70264,0.368704,-1.15715,1.95231,1.12748,0.205874,-0.93443,0.138333,0.856377,-0.787143,-0.431167,-1.31774,-0.459797,-1.92443,-2.21213,-0.941253,-0.0202137,-0.623353,0.00130306,-0.010715,-0.748811,0.0882091,0.0437884,] 1116 0 [3.88809,2.03776,3.23958,1.83464,2.4232,1.64797,1.93246,2.22123,1.82862,1.77777,2.15244,1.9247,2.30175,1.55089,1.62997,1.53947,1.65608,1.52525,1.45849,1.41594,1.40692,1.45204,1.68025,1.51712,1.73795,]
n 963 1 0.693147 [-0.249437,-0.209522,-2.76768,-0.411514,0.523104,-0.143198,0.932217,1.16583,-1.12665,-0.364659,1.23029,-0.529605,-0.174334,-0.367602,-0.181493,-0.304459,-0.141412,-0.368213,-0.0215809,-0.430965,-0.207257,0.121621,-0.245833,-0.197408,0.0857732,] 1116 0 [3.88809,2.03776,3.23958,1.83464,2.4232,1.64797,1.93246,2.22123,1.82862,1.77777,2.15244,1.9247,2.30175,1.55089,1.62997,1.53947,1.65608,1.52525,1.45849,1.41594,1.40692,1.45204,1.68025,1.51712,1.73795,]
n 964 1 2.89037 [-0.154967,-1.28235,-2.6776,0.0842816,-0.721314,1.00789,0.21108,0.53907,-0.811674,-0.613196,0.469214,-0.859003,-0.349016,-0.936298,-0.92288,-1.14221,-2.06727,-0.978577,0.0488571,-1.31636,-0.612176,0.176739,-1.10008,-0.416568,0.385494,] 1116 0 [3.88809,2.03776,3.23958,1.83464,2.4232,1.64797,1.93246,2.22123,1.82862,1.77777,2.15244,1.9247,2.30175,1.55089,1.62997,1.53947,1.65608,1.52525,1.45849,1.41594,1.40692,1.45204,1.68025,1.51712,1.73795,]
n 965 1 2.89037 [-0.212263,-0.85389,-3.1237,0.652626,-0.821687,1.44346,1.29211,-0.494403,-1.16533,-0.216885,1.04934,-1.37288,-0.514858,-0.551458,-1.13618,-1.26125,-1.72405,-1.35028,0.294577,-1.75026,0.296538,-0.348241,-0.741504,-0.87104,0.153183,] 1116 0 [3.88809,2.03776,3.23958,1.83464,2.4232,1.64797,1.93246,2.22123,1.82862,1.77777,2.15244,1.9247,2.30175,1.55089,1.62997,1.53947,1.65608,1.52525,1.45849,1.41594,1.40692,1.45204,1.68025,1.51712,1.73795,]
127 128 596 658 890 891 1153 1154 1789 1790 7154 7155 8775 9287 9288 9903 9904 10697 
==e
n 44 0 1.63761 [0.387005,1.08677,-1.58817,1.344,1.95501,1.50446,2.26594,2.22429,0.266362,0.689639,2.43433,0.505974,0.744821,1.3954,1.73443,1.67676,2.25497,1.3339,1.7809,1.12983,1.60213,1.64237,1.20739,1.10024,0.823325,] 1116 0 [3.88809,2.03776,3.23958,1.83464,2.4232,1.64797,1.93246,2.22123,1.82862,1.77777,2.15244,1.9247,2.30175,1.55089,1.62997,1.53947,1.65608,1.52525,1.45849,1.41594,1.40692,1.45204,1.68025,1.51712,1.73795,]
n 243 0 1.79176 [0.32769,1.26753,-1.61205,1.34514,2.06524,1.36067,2.45157,2.30509,0.265313,0.78233,2.51724,0.561635,0.634351,1.40353,1.67706,1.62819,2.21649,1.22358,1.64635,1.04517,1.57177,1.54656,1.21909,1.04812,0.708268,] 1116 0 [3.88809,2.03776,3.23958,1.83464,2.4232,1.64797,1.93246,2.22123,1.82862,1.77777,2.15244,1.9247,2.30175,1.55089,1.62997,1.53947,1.65608,1.52525,1.45849,1.41594,1.40692,1.45204,1.68025,1.51712,1.73795,]
n 486 1 1.09861 [-0.198966,0.520778,-2.22999,0.55377,1.3856,0.555857,1.70683,1.59791,-0.494622,0.0154161,1.80389,-0.193378,-0.0763282,0.548453,0.830936,0.759105,1.39264,0.383767,0.786905,0.164372,0.696483,0.681249,0.392745,0.20284,-0.102114,] 1116 0 [3.88809,2.03776,3.23958,1.83464,2.4232,1.64797,1.93246,2.22123,1.82862,1.77777,2.15244,1.9247,2.30175,1.55089,1.62997,1.53947,1.65608,1.52525,1.45849,1.41594,1.40692,1.45204,1.68025,1.51712,1.73795,]
n 487 1 2.89037 [-0.254464,-1.06275,-2.70264,0.368704,-1.15715,1.95231,1.12748,0.205874,-0.93443,0.138333,0.856377,-0.787143,-0.431167,-1.31774,-0.459797,-1.92443,-2.21213,-0.941253,-0.0202137,-0.623353,0.00130306,-0.010715,-0.748811,0.0882091,0.0437884,] 1116 0 [3.88809,2.03776,3.23958,1.83464,2.4232,1.64797,1.93246,2.22123,1.82862,1.77777,2.15244,1.9247,2.30175,1.55089,1.62997,1.53947,1.65608,1.52525,1.45849,1.41594,1.40692,1.45204,1.68025,1.51712,1.73795,]
n 963 1 0.693147 [-0.249437,-0.209522,-2.76768,-0.411514,0.523104,-0.143198,0.932217,1.16583,-1.12665,-0.364659,1.23029,-0.529605,-0.174334,-0.367602,-0.181493,-0.304459,-0.141412,-0.368213,-0.0215809,-0.430965,-0.207257,0.121621,-0.245833,-0.197408,0.0857732,] 1116 0 [3.88809,2.03776,3.23958,1.83464,2.4232,1.64797,1.93246,2.22123,1.82862,1.77777,2.15244,1.9247,2.30175,1.55089,1.62997,1.53947,1.65608,1.52525,1.45849,1.41594,1.40692,1.45204,1.68025,1.51712,1.73795,]
n 964 1 2.89037 [-0.154967,-1.28235,-2.6776,0.0842816,-0.721314,1.00789,0.21108,0.53907,-0.811674,-0.613196,0.469214,-0.859003,-0.349016,-0.936298,-0.92288,-1.14221,-2.06727,-0.978577,0.0488571,-1.31636,-0.612176,0.176739,-1.10008,-0.416568,0.385494,] 1116 0 [3.88809,2.03776,3.23958,1.83464,2.4232,1.64797,1.93246,2.22123,1.82862,1.77777,2.15244,1.9247,2.30175,1.55089,1.62997,1.53947,1.65608,1.52525,1.45849,1.41594,1.40692,1.45204,1.68025,1.51712,1.73795,]
n 965 1 2.89037 [-0.212263,-0.85389,-3.1237,0.652626,-0.821687,1.44346,1.29211,-0.494403,-1.16533,-0.216885,1.04934,-1.37288,-0.514858,-0.551458,-1.13618,-1.26125,-1.72405,-1.35028,0.294577,-1.75026,0.296538,-0.348241,-0.741504,-0.87104,0.153183,] 1116 0 [3.88809,2.03776,3.23958,1.83464,2.4232,1.64797,1.93246,2.22123,1.82862,1.77777,2.15244,1.9247,2.30175,1.55089,1.62997,1.53947,1.65608,1.52525,1.45849,1.41594,1.40692,1.45204,1.68025,1.51712,1.73795,]
127 128 596 658 890 891 1153 1154 1789 1790 7154 7155 8775 9287 9288 9903 9904 10697 
==f
n 44 0 1.63761 [0.387005,1.08677,-1.58817,1.344,1.95501,1.50446,2.26594,2.22429,0.266362,0.689639,2.43433,0.505974,0.744821,1.3954,1.73443,1.67676,2.25497,1.3339,1.7809,1.12983,1.60213,1.64237,1.20739,1.10024,0.823325,] 1116 0 [4.03276,2.13945,3.55215,1.93651,2.64305,1.75714,2.13432,2.32389,1.8858,1.82769,2.27918,2.0385,2.51867,1.59528,1.66975,1.60637,1.72454,1.58446,1.51091,1.45278,1.43344,1.46225,1.76498,1.57552,1.82546,]
n 243 0 1.79176 [0.32769,1.26753,-1.61205,1.34514,2.06524,1.36067,2.45157,2.30509,0.265313,0.78233,2.51724,0.561635,0.634351,1.40353,1.67706,1.62819,2.21649,1.22358,1.64635,1.04517,1.57177,1.54656,1.21909,1.04812,0.708268,] 1116 0 [4.03276,2.13945,3.55215,1.93651,2.64305,1.75714,2.13432,2.32389,1.8858,1.82769,2.27918,2.0385,2.51867,1.59528,1.66975,1.60637,1.72454,1.58446,1.51091,1.45278,1.43344,1.46225,1.76498,1.57552,1.82546,]
n 486 1 1.09861 [-0.198966,0.520778,-2.22999,0.55377,1.3856,0.555857,1.70683,1.59791,-0.494622,0.0154161,1.80389,-0.193378,-0.0763282,0.548453,0.830936,0.759105,1.39264,0.383767,0.786905,0.164372,0.696483,0.681249,0.392745,0.20284,-0.102114,] 1116 0 [4.03276,2.13945,3.55215,1.93651,2.64305,1.75714,2.13432,2.32389,1.8858,1.82769,2.27918,2.0385,2.51867,1.59528,1.66975,1.60637,1.72454,1.58446,1.51091,1.45278,1.43344,1.46225,1.76498,1.57552,1.82546,]
n 487 1 2.89037 [-0.254464,-1.06275,-2.70264,0.368704,-1.15715,1.95231,1.12748,0.205874,-0.93443,0.138333,0.856377,-0.787143,-0.431167,-1.31774,-0.459797,-1.92443,-2.21213,-0.941253,-0.0202137,-0.623353,0.00130306,-0.010715,-0.748811,0.0882091,0.0437884,] 1116 0 [4.03276,2.13945,3.55215,1.93651,2.64305,1.75714,2.13432,2.32389,1.8858,1.82769,2.27918,2.0385,2.51867,1.59528,1.66975,1.60637,1.72454,1.58446,1.51091,1.45278,1.43344,1.46225,1.76498,1.57552,1.82546,]
n 963 1 0.693147 [-0.249437,-0.209522,-2.76768,-0.411514,0.523104,-0.143198,0.932217,1.16583,-1.12665,-0.364659,1.23029,-0.529605,-0.174334,-0.367602,-0.181493,-0.304459,-0.141412,-0.368213,-0.0215809,-0.430965,-0.207257,0.121621,-0.245833,-0.197408,0.0857732,] 1116 0 [4.03276,2.13945,3.55215,1.93651,2.64305,1.75714,2.13432,2.32389,1.8858,1.82769,2.27918,2.0385,2.51867,1.59528,1.66975,1.60637,1.72454,1.58446,1.51091,1.45278,1.43344,1.46225,1.76498,1.57552,1.82546,]
n 964 1 2.89037 [-0.154967,-1.28235,-2.6776,0.0842816,-0.721314,1.00789,0.21108,0.53907,-0.811674,-0.613196,0.469214,-0.859003,-0.349016,-0.936298,-0.92288,-1.14221,-2.06727,-0.978577,0.0488571,-1.31636,-0.612176,0.176739,-1.10008,-0.416568,0.385494,] 1116 0 [4.03276,2.13945,3.55215,1.93651,2.64305,1.75714,2.13432,2.32389,1.8858,1.82769,2.27918,2.0385,2.51867,1.59528,1.66975,1.60637,1.72454,1.58446,1.51091,1.45278,1.43344,1.46225,1.76498,1.57552,1.82546,]
n 965 1 2.89037 [-0.212263,-0.85389,-3.1237,0.652626,-0.821687,1.44346,1.29211,-0.494403,-1.16533,-0.216885,1.04934,-1.37288,-0.514858,-0.551458,-1.13618,-1.26125,-1.72405,-1.35028,0.294577,-1.75026,0.296538,-0.348241,-0.741504,-0.87104,0.153183,] 1116 0 [4.03276,2.13945,3.55215,1.93651,2.64305,1.75714,2.13432,2.32389,1.8858,1.82769,2.27918,2.0385,2.51867,1.59528,1.66975,1.60637,1.72454,1.58446,1.51091,1.45278,1.43344,1.46225,1.76498,1.57552,1.82546,]
127 128 596 658 890 891 1153 1154 1789 1790 7154 7155 8775 9287 9288 9903 9904 10697 
==f
n 44 0 1.63761 [0.387005,1.08677,-1.58817,1.344,1.95501,1.50446,2.26594,2.22429,0.266362,0.689639,2.43433,0.505974,0.744821,1.3954,1.73443,1.67676,2.25497,1.3339,1.7809,1.12983,1.60213,1.64237,1.20739,1.10024,0.823325,] 1116 0 [4.14153,2.17924,3.66538,1.99246,2.75516,1.79032,2.21606,2.34693,1.8835,1.81987,2.3219,2.03564,2.62892,1.60457,1.6777,1.63728,1.73874,1.592,1.54514,1.47536,1.42227,1.44601,1.78421,1.58314,1.86466,]
n 243 0 1.79176 [0.32769,1.26753,-1.61205,1.34514,2.06524,1.36067,2.45157,2.30509,0.265313,0.78233,2.51724,0.561635,0.634351,1.40353,1.67706,1.62819,2.21649,1.22358,1.64635,1.04517,1.57177,1.54656,1.21909,1.04812,0.708268,] 1116 0 [4.14153,2.17924,3.66538,1.99246,2.75516,1.79032,2.21606,2.34693,1.8835,1.81987,2.3219,2.03564,2.62892,1.60457,1.6777,1.63728,1.73874,1.592,1.54514,1.47536,1.42227,1.44601,1.78421,1.58314,1.86466,]
n 486 1 1.09861 [-0.198966,0.520778,-2.22999,0.55377,1.3856,0.555857,1.70683,1.59791,-0.494622,0.0154161,1.80389,-0.193378,-0.0763282,0.548453,0.830936,0.759105,1.39264,0.383767,0.786905,0.164372,0.696483,0.681249,0.392745,0.20284,-0.102114,] 1116 0 [4.14153,2.17924,3.66538,1.99246,2.75516,1.79032,2.21606,2.34693,1.8835,1.81987,2.3219,2.03564,2.62892,1.60457,1.6777,1.63728,1.73874,1.592,1.54514,1.47536,1.42227,1.44601,1.78421,1.58314,1.86466,]
n 487 1 2.89037 [-0.254464,-1.06275,-2.70264,0.368704,-1.15715,1.95231,1.12748,0.205874,-0.93443,0.138333,0.856377,-0.787143,-0.431167,-1.31774,-0.459797,-1.92443,-2.21213,-0.941253,-0.0202137,-0.623353,0.00130306,-0.010715,-0.748811,0.0882091,0.0437884,] 1116 0 [4.14153,2.17924,3.66538,1.99246,2.75516,1.79032,2.21606,2.34693,1.8835,1.81987,2.3219,2.03564,2.62892,1.60457,1.6777,1.63728,1.73874,1.592,1.54514,1.47536,1.42227,1.44601,1.78421,1.58314,1.86466,]
n 963 1 0.693147 [-0.249437,-0.209522,-2.76768,-0.411514,0.523104,-0.143198,0.932217,1.16583,-1.12665,-0.364659,1.23029,-0.529605,-0.174334,-0.367602,-0.181493,-0.304459,-0.141412,-0.368213,-0.0215809,-0.430965,-0.207257,0.121621,-0.245833,-0.197408,0.0857732,] 1116 0 [4.14153,2.17924,3.66538,1.99246,2.75516,1.79032,2.21606,2.34693,1.8835,1.81987,2.3219,2.03564,2.62892,1.60457,1.6777,1.63728,1.73874,1.592,1.54514,1.47536,1.42227,1.44601,1.78421,1.58314,1.86466,]
n 964 1 2.89037 [-0.154967,-1.28235,-2.6776,0.0842816,-0.721314,1.00789,0.21108,0.53907,-0.811674,-0.613196,0.469214,-0.859003,-0.349016,-0.936298,-0.92288,-1.14221,-2.06727,-0.978577,0.0488571,-1.31636,-0.612176,0.176739,-1.10008,-0.416568,0.385494,] 1116 0 [4.14153,2.17924,3.66538,1.99246,2.75516,1.79032,2.21606,2.34693,1.8835,1.81987,2.3219,2.03564,2.62892,1.60457,1.6777,1.63728,1.73874,1.592,1.54514,1.47536,1.42227,1.44601,1.78421,1.58314,1.86466,]
n 965 1 2.89037 [-0.212263,-0.85389,-3.1237,0.652626,-0.821687,1.44346,1.29211,-0.494403,-1.16533,-0.216885,1.04934,-1.37288,-0.514858,-0.551458,-1.13618,-1.26125,-1.72405,-1.35028,0.294577,-1.75026,0.296538,-0.348241,-0.741504,-0.87104,0.153183,] 1116 0 [4.14153,2.17924,3.66538,1.99246,2.75516,1.79032,2.21606,2.34693,1.8835,1.81987,2.3219,2.03564,2.62892,1.60457,1.6777,1.63728,1.73874,1.592,1.54514,1.47536,1.42227,1.44601,1.78421,1.58314,1.86466,]
127 128 596 658 890 891 1153 1154 1789 1790 7154 7155 8775 9287 9288 9903 9904 10697 
==f
n 44 0 1.63761 [0.387005,1.08677,-1.58817,1.344,1.95501,1.50446,2.26594,2.22429,0.266362,0.689639,2.43433,0.505974,0.744821,1.3954,1.73443,1.67676,2.25497,1.3339,1.7809,1.12983,1.60213,1.64237,1.20739,1.10024,0.823325,] 1116 0 [4.317,2.20137,3.68956,2.03898,2.83709,1.79606,2.23545,2.37298,1.87654,1.79855,2.34009,2.04261,2.68011,1.6086,1.67458,1.64654,1.74779,1.58923,1.57028,1.49999,1.42059,1.4356,1.78922,1.5774,1.87683,]
n 243 0 1.79176 [0.32769,1.26753,-1.61205,1.34514,2.06524,1.36067,2.45157,2.30509,0.265313,0.78233,2.51724,0.561635,0.634351,1.40353,1.67706,1.62819,2.21649,1.22358,1.64635,1.04517,1.57177,1.54656,1.21909,1.04812,0.708268,] 1116 0 [4.317,2.20137,3.68956,2.03898,2.83709,1.79606,2.23545,2.37298,1.87654,1.79855,2.34009,2.04261,2.68011,1.6086,1.67458,1.64654,1.74779,1.58923,1.57028,1.49999,1.42059,1.4356,1.78922,1.5774,1.87683,]
n 486 1 1.09861 [-0.198966,0.520778,-2.22999,0.55377,1.3856,0.555857,1.70683,1.59791,-0.494622,0.0154161,1.80389,-0.193378,-0.0763282,0.548453,0.830936,0.759105,1.39264,0.383767,0.786905,0.164372,0.696483,0.681249,0.392745,0.20284,-0.102114,] 1116 0 [4.317,2.20137,3.68956,2.03898,2.83709,1.79606,2.23545,2.37298,1.87654,1.79855,2.34009,2.04261,2.68011,1.6086,1.67458,1.64654,1.74779,1.58923,1.57028,1.49999,1.42059,1.4356,1.78922,1.5774,1.87683,]
n 487 1 2.89037 [-0.254464,-1.06275,-2.70264,0.368704,-1.15715,1.95231,1.12748,0.205874,-0.93443,0.138333,0.856377,-0.787143,-0.431167,-1.31774,-0.459797,-1.92443,-2.21213,-0.941253,-0.0202137,-0.623353,0.00130306,-0.010715,-0.748811,0.0882091,0.0437884,] 1116 0 [4.317,2.20137,3.68956,2.03898,2.83709,1.79606,2.23545,2.37298,1.87654,1.79855,2.34009,2.04261,2.68011,1.6086,1.67458,1.64654,1.74779,1.58923,1.57028,1.49999,1.42059,1.4356,1.78922,1.5774,1.87683,]
n 963 1 0.693147 [-0.249437,-0.209522,-2.76768,-0.411514,0.523104,-0.143198,0.932217,1.16583,-1.12665,-0.364659,1.23029,-0.529605,-0.174334,-0.367602,-0.181493,-0.304459,-0.141412,-0.368213,-0.0215809,-0.430965,-0.207257,0.121621,-0.245833,-0.197408,0.0857732,] 1116 0 [4.317,2.20137,3.68956,2.03898,2.83709,1.79606,2.23545,2.37298,1.87654,1.79855,2.34009,2.04261,2.68011,1.6086,1.67458,1.64654,1.74779,1.58923,1.57028,1.49999,1.42059,1.4356,1.78922,1.5774,1.87683,]
n 964 1 2.89037 [-0.154967,-1.28235,-2.6776,0.0842816,-0.721314,1.00789,0.21108,0.53907,-0.811674,-0.613196,0.469214,-0.859003,-0.349016,-0.936298,-0.92288,-1.14221,-2.06727,-0.978577,0.0488571,-1.31636,-0.612176,0.176739,-1.10008,-0.416568,0.385494,] 1116 0 [4.317,2.20137,3.68956,2.03898,2.83709,1.79606,2.23545,2.37298,1.87654,1.79855,2.34009,2.04261,2.68011,1.6086,1.67458,1.64654,1.74779,1.58923,1.57028,1.49999,1.42059,1.4356,1.78922,1.5774,1.87683,]
n 965 1 2.89037 [-0.212263,-0.85389,-3.1237,0.652626,-0.821687,1.44346,1.29211,-0.494403,-1.16533,-0.216885,1.04934,-1.37288,-0.514858,-0.551458,-1.13618,-1.26125,-1.72405,-1.35028,0.294577,-1.75026,0.296538,-0.348241,-0.741504,-0.87104,0.153183,] 1116 0 [4.317,2.20137,3.68956,2.03898,2.83709,1.79606,2.23545,2.37298,1.87654,1.79855,2.34009,2.04261,2.68011,1.6086,1.67458,1.64654,1.74779,1.58923,1.57028,1.49999,1.42059,1.4356,1.78922,1.5774,1.87683,]
127 128 596 658 890 891 1153 1154 1789 1790 7154 7155 8775 9287 9288 9903 9904 10697 
==f
n 44 0 1.63761 [0.387005,1.08677,-1.58817,1.344,1.95501,1.50446,2.26594,2.22429,0.266362,0.689639,2.43433,0.505974,0.744821,1.3954,1.73443,1.67676,2.25497,1.3339,1.7809,1.12983,1.60213,1.64237,1.20739,1.10024,0.823325,] 1116 0 [4.59386,2.20858,3.66394,2.06695,2.88839,1.7877,2.22822,2.38026,1.86939,1.77931,2.32822,2.05592,2.69932,1.60964,1.67087,1.65819,1.74708,1.5834,1.58223,1.51213,1.4221,1.42842,1.79219,1.57533,1.88331,]
n 243 0 1.79176 [0.32769,1.26753,-1.61205,1.34514,2.06524,1.36067,2.45157,2.30509,0.265313,0.78233,2.51724,0.561635,0.634351,1.40353,1.67706,1.62819,2.21649,1.22358,1.64635,1.04517,1.57177,1.54656,1.21909,1.04812,0.708268,] 1116 0 [4.59386,2.20858,3.66394,2.06695,2.88839,1.7877,2.22822,2.38026,1.86939,1.77931,2.32822,2.05592,2.69932,1.60964,1.67087,1.65819,1.74708,1.5834,1.58223,1.51213,1.4221,1.42842,1.79219,1.57533,1.88331,]
n 486 1 1.09861 [-0.198966,0.520778,-2.22999,0.55377,1.3856,0.555857,1.70683,1.59791,-0.494622,0.0154161,1.80389,-0.193378,-0.0763282,0.548453,0.830936,0.759105,1.39264,0.383767,0.786905,0.164372,0.696483,0.681249,0.392745,0.20284,-0.102114,] 1116 0 [4.59386,2.20858,3.66394,2.06695,2.88839,1.7877,2.22822,2.38026,1.86939,1.77931,2.32822,2.05592,2.69932,1.60964,1.67087,1.65819,1.74708,1.5834,1.58223,1.51213,1.4221,1.42842,1.79219,1.57533,1.88331,]
n 487 1 2.89037 [-0.254464,-1.06275,-2.70264,0.368704,-1.15715,1.95231,1.12748,0.205874,-0.93443,0.138333,0.856377,-0.787143,-0.431167,-1.31774,-0.459797,-1.92443,-2.21213,-0.941253,-0.0202137,-0.623353,0.00130306,-0.010715,-0.748811,0.0882091,0.0437884,] 1116 0 [4.59386,2.20858,3.66394,2.06695,2.88839,1.7877,2.22822,2.38026,1.86939,1.77931,2.32822,2.05592,2.69932,1.60964,1.67087,1.65819,1.74708,1.5834,1.58223,1.51213,1.4221,1.42842,1.79219,1.57533,1.88331,]
n 963 1 0.693147 [-0.249437,-0.209522,-2.76768,-0.411514,0.523104,-0.143198,0.932217,1.16583,-1.12665,-0.364659,1.23029,-0.529605,-0.174334,-0.367602,-0.181493,-0.304459,-0.141412,-0.368213,-0.0215809,-0.430965,-0.207257,0.121621,-0.245833,-0.197408,0.0857732,] 1116 0 [4.59386,2.20858,3.66394,2.06695,2.88839,1.7877,2.22822,2.38026,1.86939,1.77931,2.32822,2.05592,2.69932,1.60964,1.67087,1.65819,1.74708,1.5834,1.58223,1.51213,1.4221,1.42842,1.79219,1.57533,1.88331,]
n 964 1 2.89037 [-0.154967,-1.28235,-2.6776,0.0842816,-0.721314,1.00789,0.21108,0.53907,-0.811674,-0.613196,0.469214,-0.859003,-0.349016,-0.936298,-0.92288,-1.14221,-2.06727,-0.978577,0.0488571,-1.31636,-0.612176,0.176739,-1.10008,-0.416568,0.385494,] 1116 0 [4.59386,2.20858,3.66394,2.06695,2.88839,1.7877,2.22822,2.38026,1.86939,1.77931,2.32822,2.05592,2.69932,1.60964,1.67087,1.65819,1.74708,1.5834,1.58223,1.51213,1.4221,1.42842,1.79219,1.57533,1.88331,]
n 965 1 2.89037 [-0.212263,-0.85389,-3.1237,0.652626,-0.821687,1.44346,1.29211,-0.494403,-1.16533,-0.216885,1.04934,-1.37288,-0.514858,-0.551458,-1.13618,-1.26125,-1.72405,-1.35028,0.294577,-1.75026,0.296538,-0.348241,-0.741504,-0.87104,0.153183,] 1116 0 [4.59386,2.20858,3.66394,2.06695,2.88839,1.7877,2.22822,2.38026,1.86939,1.77931,2.32822,2.05592,2.69932,1.60964,1.67087,1.65819,1.74708,1.5834,1.58223,1.51213,1.4221,1.42842,1.79219,1.57533,1.88331,]
127 128 596 658 890 891 1153 1154 1789 1790 7154 7155 8775 9287 9288 9903 9904 10697 
==f
n 44 0 1.63761 [0.387005,1.08677,-1.58817,1.344,1.95501,1.50446,2.26594,2.22429,0.266362,0.689639,2.43433,0.505974,0.744821,1.3954,1.73443,1.67676,2.25497,1.3339,1.7809,1.12983,1.60213,1.64237,1.20739,1.10024,0.823325,] 1116 0 [5.14077,2.20915,3.64571,2.08188,2.89966,1.77351,2.21583,2.39625,1.87246,1.7719,2.29503,2.04752,2.70879,1.60589,1.66942,1.65706,1.74303,1.57277,1.58722,1.51732,1.42803,1.42558,1.78937,1.57653,1.88287,]
n 243 0 1.79176 [0.32769,1.26753,-1.61205,1.34514,2.06524,1.36067,2.45157,2.30509,0.265313,0.78233,2.51724,0.561635,0.634351,1.40353,1.67706,1.62819,2.21649,1.22358,1.64635,1.04517,1.57177,1.54656,1.21909,1.04812,0.708268,] 1116 0 [5.14077,2.20915,3.64571,2.08188,2.89966,1.77351,2.21583,2.39625,1.87246,1.7719,2.29503,2.04752,2.70879,1.60589,1.66942,1.65706,1.74303,1.57277,1.58722,1.51732,1.42803,1.42558,1.78937,1.57653,1.88287,]
n 486 1 1.09861 [-0.198966,0.520778,-2.22999,0.55377,1.3856,0.555857,1.70683,1.59791,-0.494622,0.0154161,1.80389,-0.193378,-0.0763282,0.548453,0.830936,0.759105,1.39264,0.383767,0.786905,0.164372,0.696483,0.681249,0.392745,0.20284,-0.102114,] 1116 0 [5.14077,2.20915,3.64571,2.08188,2.89966,1.77351,2.21583,2.39625,1.87246,1.7719,2.29503,2.04752,2.70879,1.60589,1.66942,1.65706,1.74303,1.57277,1.58722,1.51732,1.42803,1.42558,1.78937,1.57653,1.88287,]
n 487 1 2.89037 [-0.254464,-1.06275,-2.70264,0.368704,-1.15715,1.95231,1.12748,0.205874,-0.93443,0.138333,0.856377,-0.787143,-0.431167,-1.31774,-0.459797,-1.92443,-2.21213,-0.941253,-0.0202137,-0.623353,0.00130306,-0.010715,-0.748811,0.0882091,0.0437884,] 1116 0 [5.14077,2.20915,3.64571,2.08188,2.89966,1.77351,2.21583,2.39625,1.87246,1.7719,2.29503,2.04752,2.70879,1.60589,1.66942,1.65706,1.74303,1.57277,1.58722,1.51732,1.42803,1.42558,1.78937,1.57653,1.88287,]
n 963 1 0.693147 [-0.249437,-0.209522,-2.76768,-0.411514,0.523104,-0.143198,0.932217,1.16583,-1.12665,-0.364659,1.23029,-0.529605,-0.174334,-0.367602,-0.181493,-0.304459,-0.141412,-0.368213,-0.0215809,-0.430965,-0.207257,0.121621,-0.245833,-0.197408,0.0857732,] 1116 0 [5.14077,2.20915,3.64571,2.08188,2.89966,1.77351,2.21583,2.39625,1.87246,1.7719,2.29503,2.04752,2.70879,1.60589,1.66942,1.65706,1.74303,1.57277,1.58722,1.51732,1.42803,1.42558,1.78937,1.57653,1.88287,]
n 964 1 2.89037 [-0.154967,-1.28235,-2.6776,0.0842816,-0.721314,1.00789,0.21108,0.53907,-0.811674,-0.613196,0.469214,-0.859003,-0.349016,-0.936298,-0.92288,-1.14221,-2.06727,-0.978577,0.0488571,-1.31636,-0.612176,0.176739,-1.10008,-0.416568,0.385494,] 1116 0 [5.14077,2.20915,3.64571,2.08188,2.89966,1.77351,2.21583,2.39625,1.87246,1.7719,2.29503,2.04752,2.70879,1.60589,1.66942,1.65706,1.74303,1.57277,1.58722,1.51732,1.42803,1.42558,1.78937,1.57653,1.88287,]
n 965 1 2.89037 [-0.212263,-0.85389,-3.1237,0.652626,-0.821687,1.44346,1.29211,-0.494403,-1.16533,-0.216885,1.04934,-1.37288,-0.514858,-0.551458,-1.13618,-1.26125,-1.72405,-1.35028,0.294577,-1.75026,0.296538,-0.348241,-0.741504,-0.87104,0.153183,] 1116 0 [5.14077,2.20915,3.64571,2.08188,2.89966,1.77351,2.21583,2.39625,1.87246,1.7719,2.29503,2.04752,2.70879,1.60589,1.66942,1.65706,1.74303,1.57277,1.58722,1.51732,1.42803,1.42558,1.78937,1.57653,1.88287,]
127 128 596 658 890 891 1153 1154 1789 1790 7154 7155 8775 9287 9288 9903 9904 10697 
