==f
n 44 1 -0 [-0.225579,-0.10889,-2.59961,0.0402561,0.573411,0.358335,1.1812,1.12947,-0.889943,-0.215621,1.34838,-0.496986,-0.184556,-0.156844,0.0462954,-0.139633,0.059982,-0.237857,0.269468,-0.36569,0.111069,0.27777,-0.135913,-0.0977237,0.0412077,] 1 44 [58.8752,2.30357,7.34106,1.84724,1.37701,1.23882,2.11686,2.38395,3.05685,4.79032,3.36734,6.17881,37.49,2.69718,2.0218,1.22062,0.575156,2.23581,2.80169,2.74558,2.5401,4.09226,3.11898,5.68073,32.0118,]
127 128 596 658 890 891 1153 1154 1789 1790 7154 7155 8775 9287 9288 9903 9904 10697 
==f
n 44 1 -0 [-0.225579,-0.10889,-2.59961,0.0402561,0.573411,0.358335,1.1812,1.12947,-0.889943,-0.215621,1.34838,-0.496986,-0.184556,-0.156844,0.0462954,-0.139633,0.059982,-0.237857,0.269468,-0.36569,0.111069,0.27777,-0.135913,-0.0977237,0.0412077,] 1 44 [58.8752,2.30357,7.34106,1.84724,1.37701,1.23882,2.11686,2.38395,3.05685,4.79032,3.36734,6.17881,37.49,2.69718,2.0218,1.22062,0.575156,2.23581,2.80169,2.74558,2.5401,4.09226,3.11898,5.68073,32.0118,]
127 128 596 658 890 891 1153 1154 1789 1790 7154 7155 8775 9287 9288 9903 9904 10697 
==s
n 44 1 0.693147 [-0.0952524,0.54998,-2.23053,0.77602,1.42559,1.25679,1.86851,1.77713,-0.317986,0.241275,1.89333,-0.094688,-0.0212355,0.452054,0.74958,0.765493,1.37856,0.430922,0.866902,0.237818,0.738513,0.772102,0.430318,0.32184,0.217952,] 1 44 [58.8752,2.30357,7.34106,1.84724,1.37701,1.23882,2.11686,2.38395,3.05685,4.79032,3.36734,6.17881,37.49,2.69718,2.0218,1.22062,0.575156,2.23581,2.80169,2.74558,2.5401,4.09226,3.11898,5.68073,32.0118,]
n 243 1 0.693147 [-0.355906,-0.767759,-2.96869,-0.695508,-0.278771,-0.540121,0.493887,0.481802,-1.4619,-0.672518,0.803432,-0.899283,-0.347877,-0.765743,-0.656989,-1.04476,-1.2586,-0.906635,-0.327966,-0.969198,-0.516374,-0.216561,-0.702143,-0.517288,-0.135536,] 1 243 [58.8752,2.30357,7.34106,1.84724,1.37701,1.23882,2.11686,2.38395,3.05685,4.79032,3.36734,6.17881,37.49,2.69718,2.0218,1.22062,0.575156,2.23581,2.80169,2.74558,2.5401,4.09226,3.11898,5.68073,32.0118,]
127 128 596 658 890 891 1153 1154 1789 1790 7154 7155 8775 9287 9288 9903 9904 10697 
==f
n 44 1 0.944462 [-0.190696,0.249843,-2.31149,0.476024,1.17183,0.589075,1.41643,1.45888,-0.54889,-0.133645,1.65505,-0.304939,-0.0661079,0.479744,0.824764,0.738975,1.33805,0.390328,0.84063,0.193605,0.699736,0.762538,0.366296,0.222523,-0.0748611,] 1 44 [40.8268,1.82926,14.095,2.11037,2.50489,1.56658,1.47842,4.01894,3.51971,2.82406,3.21093,6.12178,93.8735,8.64454,26.1119,3.61926,1.50143,3.41693,7.43769,9.12047,4.235,5.3761,17.6084,6.52202,39.6122,]
n 243 1 0.492476 [-0.247778,-0.337174,-2.78296,-0.23705,0.192598,0.2115,1.03151,0.919843,-1.10698,-0.267788,1.15323,-0.619197,-0.259933,-0.561946,-0.449094,-0.698747,-0.753336,-0.637611,-0.0939988,-0.721605,-0.263537,-0.0307178,-0.4555,-0.301517,0.11507,] 1 243 [91.4099,4.37689,10.9516,2.58691,1.78127,1.1638,3.50922,2.40923,4.28472,9.15214,5.26773,8.16474,44.9253,9.00185,6.49625,2.77072,1.38835,7.42246,6.29735,4.98778,7.51303,27.182,4.4273,11.9492,47.5647,]
127 128 596 658 890 891 1153 1154 1789 1790 7154 7155 8775 9287 9288 9903 9904 10697 
==e
n 44 1 0.944462 [-0.190696,0.249843,-2.31149,0.476024,1.17183,0.589075,1.41643,1.45888,-0.54889,-0.133645,1.65505,-0.304939,-0.0661079,0.479744,0.824764,0.738975,1.33805,0.390328,0.84063,0.193605,0.699736,0.762538,0.366296,0.222523,-0.0748611,] 1 44 [40.8268,1.82926,14.095,2.11037,2.50489,1.56658,1.47842,4.01894,3.51971,2.82406,3.21093,6.12178,93.8735,8.64454,26.1119,3.61926,1.50143,3.41693,7.43769,9.12047,4.235,5.3761,17.6084,6.52202,39.6122,]
n 243 1 0.492476 [-0.247778,-0.337174,-2.78296,-0.23705,0.192598,0.2115,1.03151,0.919843,-1.10698,-0.267788,1.15323,-0.619197,-0.259933,-0.561946,-0.449094,-0.698747,-0.753336,-0.637611,-0.0939988,-0.721605,-0.263537,-0.0307178,-0.4555,-0.301517,0.11507,] 1 243 [91.4099,4.37689,10.9516,2.58691,1.78127,1.1638,3.50922,2.40923,4.28472,9.15214,5.26773,8.16474,44.9253,9.00185,6.49625,2.77072,1.38835,7.42246,6.29735,4.98778,7.51303,27.182,4.4273,11.9492,47.5647,]
127 128 596 658 890 891 1153 1154 1789 1790 7154 7155 8775 9287 9288 9903 9904 10697 
==f
n 44 1 0.944462 [-0.190696,0.249843,-2.31149,0.476024,1.17183,0.589075,1.41643,1.45888,-0.54889,-0.133645,1.65505,-0.304939,-0.0661079,0.479744,0.824764,0.738975,1.33805,0.390328,0.84063,0.193605,0.699736,0.762538,0.366296,0.222523,-0.0748611,] 1 44 [40.8268,1.82926,14.095,2.11037,2.50489,1.56658,1.47842,4.01894,3.51971,2.82406,3.21093,6.12178,93.8735,8.64454,26.1119,3.61926,1.50143,3.41693,7.43769,9.12047,4.235,5.3761,17.6084,6.52202,39.6122,]
n 243 1 0.492476 [-0.247778,-0.337174,-2.78296,-0.23705,0.192598,0.2115,1.03151,0.919843,-1.10698,-0.267788,1.15323,-0.619197,-0.259933,-0.561946,-0.449094,-0.698747,-0.753336,-0.637611,-0.0939988,-0.721605,-0.263537,-0.0307178,-0.4555,-0.301517,0.11507,] 1 243 [91.4099,4.37689,10.9516,2.58691,1.78127,1.1638,3.50922,2.40923,4.28472,9.15214,5.26773,8.16474,44.9253,9.00185,6.49625,2.77072,1.38835,7.42246,6.29735,4.98778,7.51303,27.182,4.4273,11.9492,47.5647,]
127 128 596 658 890 891 1153 1154 1789 1790 7154 7155 8775 9287 9288 9903 9904 10697 
==f
n 44 1 0.944462 [-0.190696,0.249843,-2.31149,0.476024,1.17183,0.589075,1.41643,1.45888,-0.54889,-0.133645,1.65505,-0.304939,-0.0661079,0.479744,0.824764,0.738975,1.33805,0.390328,0.84063,0.193605,0.699736,0.762538,0.366296,0.222523,-0.0748611,] 1 44 [40.8268,1.82926,14.095,2.11037,2.50489,1.56658,1.47842,4.01894,3.51971,2.82406,3.21093,6.12178,93.8735,8.64454,26.1119,3.61926,1.50143,3.41693,7.43769,9.12047,4.235,5.3761,17.6084,6.52202,39.6122,]
n 243 1 0.492476 [-0.247778,-0.337174,-2.78296,-0.23705,0.192598,0.2115,1.03151,0.919843,-1.10698,-0.267788,1.15323,-0.619197,-0.259933,-0.561946,-0.449094,-0.698747,-0.753336,-0.637611,-0.0939988,-0.721605,-0.263537,-0.0307178,-0.4555,-0.301517,0.11507,] 1 243 [91.4099,4.37689,10.9516,2.58691,1.78127,1.1638,3.50922,2.40923,4.28472,9.15214,5.26773,8.16474,44.9253,9.00185,6.49625,2.77072,1.38835,7.42246,6.29735,4.98778,7.51303,27.182,4.4273,11.9492,47.5647,]
127 128 596 658 890 891 1153 1154 1789 1790 7154 7155 8775 9287 9288 9903 9904 10697 
==f
n 44 1 0.944462 [-0.190696,0.249843,-2.31149,0.476024,1.17183,0.589075,1.41643,1.45888,-0.54889,-0.133645,1.65505,-0.304939,-0.0661079,0.479744,0.824764,0.738975,1.33805,0.390328,0.84063,0.193605,0.699736,0.762538,0.366296,0.222523,-0.0748611,] 1 44 [40.8268,1.82926,14.095,2.11037,2.50489,1.56658,1.47842,4.01894,3.51971,2.82406,3.21093,6.12178,93.8735,8.64454,26.1119,3.61926,1.50143,3.41693,7.43769,9.12047,4.235,5.3761,17.6084,6.52202,39.6122,]
n 243 1 0.492476 [-0.247778,-0.337174,-2.78296,-0.23705,0.192598,0.2115,1.03151,0.919843,-1.10698,-0.267788,1.15323,-0.619197,-0.259933,-0.561946,-0.449094,-0.698747,-0.753336,-0.637611,-0.0939988,-0.721605,-0.263537,-0.0307178,-0.4555,-0.301517,0.11507,] 1 243 [91.4099,4.37689,10.9516,2.58691,1.78127,1.1638,3.50922,2.40923,4.28472,9.15214,5.26773,8.16474,44.9253,9.00185,6.49625,2.77072,1.38835,7.42246,6.29735,4.98778,7.51303,27.182,4.4273,11.9492,47.5647,]
127 128 596 658 890 891 1153 1154 1789 1790 7154 7155 8775 9287 9288 9903 9904 10697 
==f
n 44 1 0.944462 [-0.190696,0.249843,-2.31149,0.476024,1.17183,0.589075,1.41643,1.45888,-0.54889,-0.133645,1.65505,-0.304939,-0.0661079,0.479744,0.824764,0.738975,1.33805,0.390328,0.84063,0.193605,0.699736,0.762538,0.366296,0.222523,-0.0748611,] 1 44 [40.8268,1.82926,14.095,2.11037,2.50489,1.56658,1.47842,4.01894,3.51971,2.82406,3.21093,6.12178,93.8735,8.64454,26.1119,3.61926,1.50143,3.41693,7.43769,9.12047,4.235,5.3761,17.6084,6.52202,39.6122,]
n 243 1 0.492476 [-0.247778,-0.337174,-2.78296,-0.23705,0.192598,0.2115,1.03151,0.919843,-1.10698,-0.267788,1.15323,-0.619197,-0.259933,-0.561946,-0.449094,-0.698747,-0.753336,-0.637611,-0.0939988,-0.721605,-0.263537,-0.0307178,-0.4555,-0.301517,0.11507,] 1 243 [91.4099,4.37689,10.9516,2.58691,1.78127,1.1638,3.50922,2.40923,4.28472,9.15214,5.26773,8.16474,44.9253,9.00185,6.49625,2.77072,1.38835,7.42246,6.29735,4.98778,7.51303,27.182,4.4273,11.9492,47.5647,]
127 128 596 658 890 891 1153 1154 1789 1790 7154 7155 8775 9287 9288 9903 9904 10697 
==f
n 44 1 0.944462 [-0.190696,0.249843,-2.31149,0.476024,1.17183,0.589075,1.41643,1.45888,-0.54889,-0.133645,1.65505,-0.304939,-0.0661079,0.479744,0.824764,0.738975,1.33805,0.390328,0.84063,0.193605,0.699736,0.762538,0.366296,0.222523,-0.0748611,] 1 44 [40.8268,1.82926,14.095,2.11037,2.50489,1.56658,1.47842,4.01894,3.51971,2.82406,3.21093,6.12178,93.8735,8.64454,26.1119,3.61926,1.50143,3.41693,7.43769,9.12047,4.235,5.3761,17.6084,6.52202,39.6122,]
n 243 1 0.492476 [-0.247778,-0.337174,-2.78296,-0.23705,0.192598,0.2115,1.03151,0.919843,-1.10698,-0.267788,1.15323,-0.619197,-0.259933,-0.561946,-0.449094,-0.698747,-0.753336,-0.637611,-0.0939988,-0.721605,-0.263537,-0.0307178,-0.4555,-0.301517,0.11507,] 1 243 [91.4099,4.37689,10.9516,2.58691,1.78127,1.1638,3.50922,2.40923,4.28472,9.15214,5.26773,8.16474,44.9253,9.00185,6.49625,2.77072,1.38835,7.42246,6.29735,4.98778,7.51303,27.182,4.4273,11.9492,47.5647,]
127 128 596 658 890 891 1153 1154 1789 1790 7154 7155 8775 9287 9288 9903 9904 10697 
==s
n 44 1 1.63761 [-0.0341912,0.989214,-2.04513,1.16439,1.80367,1.38803,2.23886,1.9577,-0.0158663,0.461418,2.21311,0.0992285,0.0371037,0.819862,1.02046,1.26462,2.15416,0.931309,1.2073,0.524729,1.18567,1.19382,0.604605,0.614093,0.0840249,] 1 44 [40.8268,1.82926,14.095,2.11037,2.50489,1.56658,1.47842,4.01894,3.51971,2.82406,3.21093,6.12178,93.8735,8.64454,26.1119,3.61926,1.50143,3.41693,7.43769,9.12047,4.235,5.3761,17.6084,6.52202,39.6122,]
n 243 1 1.18562 [-0.143185,0.140814,-2.48079,0.384691,0.941862,1.13846,1.56533,1.5641,-0.623874,0.0627633,1.58893,-0.269229,-0.110738,-0.228647,-0.0567485,-0.0979833,0.0953559,-0.270561,0.304495,-0.273844,0.101295,0.161087,0.0197589,-0.0122287,0.260066,] 1 243 [91.4099,4.37689,10.9516,2.58691,1.78127,1.1638,3.50922,2.40923,4.28472,9.15214,5.26773,8.16474,44.9253,9.00185,6.49625,2.77072,1.38835,7.42246,6.29735,4.98778,7.51303,27.182,4.4273,11.9492,47.5647,]
n 486 1 1.63761 [-0.3472,-0.489529,-2.57785,-0.212344,0.539992,-0.209884,0.593994,0.960058,-1.08191,-0.728708,1.09698,-0.709106,-0.169319,0.139627,0.629069,0.213333,0.521945,-0.150652,0.473955,-0.13752,0.213806,0.331251,0.127988,-0.169047,-0.233747,] 1 486 [40.8268,1.82926,14.095,2.11037,2.50489,1.56658,1.47842,4.01894,3.51971,2.82406,3.21093,6.12178,93.8735,8.64454,26.1119,3.61926,1.50143,3.41693,7.43769,9.12047,4.235,5.3761,17.6084,6.52202,39.6122,]
n 487 1 1.18562 [-0.352371,-0.815163,-3.08514,-0.858791,-0.556665,-0.71546,0.49769,0.275583,-1.59008,-0.598339,0.717531,-0.969166,-0.409128,-0.895245,-0.841439,-1.29951,-1.60203,-1.00466,-0.492492,-1.16937,-0.628368,-0.222523,-0.930759,-0.590806,-0.0299269,] 1 487 [91.4099,4.37689,10.9516,2.58691,1.78127,1.1638,3.50922,2.40923,4.28472,9.15214,5.26773,8.16474,44.9253,9.00185,6.49625,2.77072,1.38835,7.42246,6.29735,4.98778,7.51303,27.182,4.4273,11.9492,47.5647,]
127 128 596 658 890 891 1153 1154 1789 1790 7154 7155 8775 9287 9288 9903 9904 10697 
==f
n 44 1 1.50408 [-0.239706,0.453375,-2.18475,0.951388,1.2956,0.88708,1.83971,1.48636,-0.467126,0.226063,1.62633,-0.20357,-0.0238243,0.764131,0.946642,1.13059,1.36866,0.739543,1.02202,0.319159,0.940256,0.853077,0.434051,0.295291,-0.129711,] 1 44 [27.7043,6.61748,21.874,4.07916,12.0738,1.41496,5.82002,8.72453,4.15346,4.26146,5.14623,6.46238,249.191,135.314,41.7116,15.4896,1.04162,10.4028,28.0766,9.49586,4.33171,6.41592,15.3396,4.32431,35.1795,]
n 243 1 0.944462 [-0.246775,0.129888,-2.52995,-0.140436,0.965833,-0.0112322,1.42938,1.45835,-0.770844,-0.230481,1.64493,-0.395923,-0.139134,-0.291474,0.00890705,-0.188096,0.0955777,-0.355482,0.0662482,-0.345251,-0.0978626,0.100367,-0.127174,-0.143349,-0.00954621,] 1 243 [59.9237,7.12054,10.4541,6.88098,3.81736,4.62686,14.2816,6.04713,4.57977,22.1943,4.91158,15.8123,226.291,10.297,5.09693,26.2883,1.12024,24.9941,5.62192,19.5571,6.66241,17.8686,4.77338,18.6395,108.661,]
n 486 1 2.89037 [-0.141075,-1.37577,-2.80049,0.00954354,-0.110792,0.788378,-0.325987,0.624714,-0.874499,-1.02801,0.761974,-0.974304,-0.00478583,0.067491,0.787734,0.618191,1.01053,0.429696,1.16298,0.368999,0.719253,1.25027,0.207604,0.340621,0.0886591,] 1 486 [10000,10000,10000,10000,10000,10000,10000,10000,10000,10000,10000,10000,10000,10000,10000,10000,10000,10000,10000,10000,10000,10000,10000,10000,10000,]
n 487 1 1.09861 [-0.205517,-0.551161,-2.92398,-0.351239,-0.251838,0.365325,0.703855,0.591974,-1.31334,-0.357342,0.914843,-0.73095,-0.374665,-0.65115,-0.633889,-1.05622,-1.01242,-0.863486,-0.144062,-0.968549,-0.299332,-0.0608793,-0.583336,-0.379561,0.206458,] 1 487 [193.327,3.36294,29.2051,1.83115,1.88189,0.756565,3.94393,2.23911,3.98228,6.3751,8.0346,6.82294,90.6418,6.46375,7.01112,2.80815,0.916898,8.90213,9.1149,5.09581,8.87563,29.2283,4.21117,10.5838,72.1255,]
127 128 596 658 890 891 1153 1154 1789 1790 7154 7155 8775 9287 9288 9903 9904 10697 
==e
n 44 1 1.50408 [-0.239706,0.453375,-2.18475,0.951388,1.2956,0.88708,1.83971,1.48636,-0.467126,0.226063,1.62633,-0.20357,-0.0238243,0.764131,0.946642,1.13059,1.36866,0.739543,1.02202,0.319159,0.940256,0.853077,0.434051,0.295291,-0.129711,] 1 44 [27.7043,6.61748,21.874,4.07916,12.0738,1.41496,5.82002,8.72453,4.15346,4.26146,5.14623,6.46238,249.191,135.314,41.7116,15.4896,1.04162,10.4028,28.0766,9.49586,4.33171,6.41592,15.3396,4.32431,35.1795,]
n 243 1 0.944462 [-0.246775,0.129888,-2.52995,-0.140436,0.965833,-0.0112322,1.42938,1.45835,-0.770844,-0.230481,1.64493,-0.395923,-0.139134,-0.291474,0.00890705,-0.188096,0.0955777,-0.355482,0.0662482,-0.345251,-0.0978626,0.100367,-0.127174,-0.143349,-0.00954621,] 1 243 [59.9237,7.12054,10.4541,6.88098,3.81736,4.62686,14.2816,6.04713,4.57977,22.1943,4.91158,15.8123,226.291,10.297,5.09693,26.2883,1.12024,24.9941,5.62192,19.5571,6.66241,17.8686,4.77338,18.6395,108.661,]
n 486 1 2.89037 [-0.141075,-1.37577,-2.80049,0.00954354,-0.110792,0.788378,-0.325987,0.624714,-0.874499,-1.02801,0.761974,-0.974304,-0.00478583,0.067491,0.787734,0.618191,1.01053,0.429696,1.16298,0.368999,0.719253,1.25027,0.207604,0.340621,0.0886591,] 1 486 [10000,10000,10000,10000,10000,10000,10000,10000,10000,10000,10000,10000,10000,10000,10000,10000,10000,10000,10000,10000,10000,10000,10000,10000,10000,]
n 487 1 1.09861 [-0.205517,-0.551161,-2.92398,-0.351239,-0.251838,0.365325,0.703855,0.591974,-1.31334,-0.357342,0.914843,-0.73095,-0.374665,-0.65115,-0.633889,-1.05622,-1.01242,-0.863486,-0.144062,-0.968549,-0.299332,-0.0608793,-0.583336,-0.379561,0.206458,] 1 487 [193.327,3.36294,29.2051,1.83115,1.88189,0.756565,3.94393,2.23911,3.98228,6.3751,8.0346,6.82294,90.6418,6.46375,7.01112,2.80815,0.916898,8.90213,9.1149,5.09581,8.87563,29.2283,4.21117,10.5838,72.1255,]
127 128 596 658 890 891 1153 1154 1789 1790 7154 7155 8775 9287 9288 9903 9904 10697 
==f
n 44 1 1.50408 [-0.239706,0.453375,-2.18475,0.951388,1.2956,0.88708,1.83971,1.48636,-0.467126,0.226063,1.62633,-0.20357,-0.0238243,0.764131,0.946642,1.13059,1.36866,0.739543,1.02202,0.319159,0.940256,0.853077,0.434051,0.295291,-0.129711,] 1 44 [27.7043,6.61748,21.874,4.07916,12.0738,1.41496,5.82002,8.72453,4.15346,4.26146,5.14623,6.46238,249.191,135.314,41.7116,15.4896,1.04162,10.4028,28.0766,9.49586,4.33171,6.41592,15.3396,4.32431,35.1795,]
n 243 1 0.944462 [-0.246775,0.129888,-2.52995,-0.140436,0.965833,-0.0112322,1.42938,1.45835,-0.770844,-0.230481,1.64493,-0.395923,-0.139134,-0.291474,0.00890705,-0.188096,0.0955777,-0.355482,0.0662482,-0.345251,-0.0978626,0.100367,-0.127174,-0.143349,-0.00954621,] 1 243 [59.9237,7.12054,10.4541,6.88098,3.81736,4.62686,14.2816,6.04713,4.57977,22.1943,4.91158,15.8123,226.291,10.297,5.09693,26.2883,1.12024,24.9941,5.62192,19.5571,6.66241,17.8686,4.77338,18.6395,108.661,]
n 486 1 2.89037 [-0.141075,-1.37577,-2.80049,0.00954354,-0.110792,0.788378,-0.325987,0.624714,-0.874499,-1.02801,0.761974,-0.974304,-0.00478583,0.067491,0.787734,0.618191,1.01053,0.429696,1.16298,0.368999,0.719253,1.25027,0.207604,0.340621,0.0886591,] 1 486 [10000,10000,10000,10000,10000,10000,10000,10000,10000,10000,10000,10000,10000,10000,10000,10000,10000,10000,10000,10000,10000,10000,10000,10000,10000,]
n 487 1 1.09861 [-0.205517,-0.551161,-2.92398,-0.351239,-0.251838,0.365325,0.703855,0.591974,-1.31334,-0.357342,0.914843,-0.73095,-0.374665,-0.65115,-0.633889,-1.05622,-1.01242,-0.863486,-0.144062,-0.968549,-0.299332,-0.0608793,-0.583336,-0.379561,0.206458,] 1 487 [193.327,3.36294,29.2051,1.83115,1.88189,0.756565,3.94393,2.23911,3.98228,6.3751,8.0346,6.82294,90.6418,6.46375,7.01112,2.80815,0.916898,8.90213,9.1149,5.09581,8.87563,29.2283,4.21117,10.5838,72.1255,]
127 128 596 658 890 891 1153 1154 1789 1790 7154 7155 8775 9287 9288 9903 9904 10697 
==f
n 44 1 1.50408 [-0.239706,0.453375,-2.18475,0.951388,1.2956,0.88708,1.83971,1.48636,-0.467126,0.226063,1.62633,-0.20357,-0.0238243,0.764131,0.946642,1.13059,1.36866,0.739543,1.02202,0.319159,0.940256,0.853077,0.434051,0.295291,-0.129711,] 1 44 [27.7043,6.61748,21.874,4.07916,12.0738,1.41496,5.82002,8.72453,4.15346,4.26146,5.14623,6.46238,249.191,135.314,41.7116,15.4896,1.04162,10.4028,28.0766,9.49586,4.33171,6.41592,15.3396,4.32431,35.1795,]
n 243 1 0.944462 [-0.246775,0.129888,-2.52995,-0.140436,0.965833,-0.0112322,1.42938,1.45835,-0.770844,-0.230481,1.64493,-0.395923,-0.139134,-0.291474,0.00890705,-0.188096,0.0955777,-0.355482,0.0662482,-0.345251,-0.0978626,0.100367,-0.127174,-0.143349,-0.00954621,] 1 243 [59.9237,7.12054,10.4541,6.88098,3.81736,4.62686,14.2816,6.04713,4.57977,22.1943,4.91158,15.8123,226.291,10.297,5.09693,26.2883,1.12024,24.9941,5.62192,19.5571,6.66241,17.8686,4.77338,18.6395,108.661,]
n 486 1 2.89037 [-0.141075,-1.37577,-2.80049,0.00954354,-0.110792,0.788378,-0.325987,0.624714,-0.874499,-1.02801,0.761974,-0.974304,-0.00478583,0.067491,0.787734,0.618191,1.01053,0.429696,1.16298,0.368999,0.719253,1.25027,0.207604,0.340621,0.0886591,] 1 486 [10000,10000,10000,10000,10000,10000,10000,10000,10000,10000,10000,10000,10000,10000,10000,10000,10000,10000,10000,10000,10000,10000,10000,10000,10000,]
n 487 1 1.09861 [-0.205517,-0.551161,-2.92398,-0.351239,-0.251838,0.365325,0.703855,0.591974,-1.31334,-0.357342,0.914843,-0.73095,-0.374665,-0.65115,-0.633889,-1.05622,-1.01242,-0.863486,-0.144062,-0.968549,-0.299332,-0.0608793,-0.583336,-0.379561,0.206458,] 1 487 [193.327,3.36294,29.2051,1.83115,1.88189,0.756565,3.94393,2.23911,3.98228,6.3751,8.0346,6.82294,90.6418,6.46375,7.01112,2.80815,0.916898,8.90213,9.1149,5.09581,8.87563,29.2283,4.21117,10.5838,72.1255,]
127 128 596 658 890 891 1153 1154 1789 1790 7154 7155 8775 9287 9288 9903 9904 10697 
==f
n 44 1 1.50408 [-0.239706,0.453375,-2.18475,0.951388,1.2956,0.88708,1.83971,1.48636,-0.467126,0.226063,1.62633,-0.20357,-0.0238243,0.764131,0.946642,1.13059,1.36866,0.739543,1.02202,0.319159,0.940256,0.853077,0.434051,0.295291,-0.129711,] 1 44 [27.7043,6.61748,21.874,4.07916,12.0738,1.41496,5.82002,8.72453,4.15346,4.26146,5.14623,6.46238,249.191,135.314,41.7116,15.4896,1.04162,10.4028,28.0766,9.49586,4.33171,6.41592,15.3396,4.32431,35.1795,]
n 243 1 0.944462 [-0.246775,0.129888,-2.52995,-0.140436,0.965833,-0.0112322,1.42938,1.45835,-0.770844,-0.230481,1.64493,-0.395923,-0.139134,-0.291474,0.00890705,-0.188096,0.0955777,-0.355482,0.0662482,-0.345251,-0.0978626,0.100367,-0.127174,-0.143349,-0.00954621,] 1 243 [59.9237,7.12054,10.4541,6.88098,3.81736,4.62686,14.2816,6.04713,4.57977,22.1943,4.91158,15.8123,226.291,10.297,5.09693,26.2883,1.12024,24.9941,5.62192,19.5571,6.66241,17.8686,4.77338,18.6395,108.661,]
n 486 1 2.89037 [-0.141075,-1.37577,-2.80049,0.00954354,-0.110792,0.788378,-0.325987,0.624714,-0.874499,-1.02801,0.761974,-0.974304,-0.00478583,0.067491,0.787734,0.618191,1.01053,0.429696,1.16298,0.368999,0.719253,1.25027,0.207604,0.340621,0.0886591,] 1 486 [10000,10000,10000,10000,10000,10000,10000,10000,10000,10000,10000,10000,10000,10000,10000,10000,10000,10000,10000,10000,10000,10000,10000,10000,10000,]
n 487 1 1.09861 [-0.205517,-0.551161,-2.92398,-0.351239,-0.251838,0.365325,0.703855,0.591974,-1.31334,-0.357342,0.914843,-0.73095,-0.374665,-0.65115,-0.633889,-1.05622,-1.01242,-0.863486,-0.144062,-0.968549,-0.299332,-0.0608793,-0.583336,-0.379561,0.206458,] 1 487 [193.327,3.36294,29.2051,1.83115,1.88189,0.756565,3.94393,2.23911,3.98228,6.3751,8.0346,6.82294,90.6418,6.46375,7.01112,2.80815,0.916898,8.90213,9.1149,5.09581,8.87563,29.2283,4.21117,10.5838,72.1255,]
127 128 596 658 890 891 1153 1154 1789 1790 7154 7155 8775 9287 9288 9903 9904 10697 
==f
n 44 1 1.50408 [-0.239706,0.453375,-2.18475,0.951388,1.2956,0.88708,1.83971,1.48636,-0.467126,0.226063,1.62633,-0.20357,-0.0238243,0.764131,0.946642,1.13059,1.36866,0.739543,1.02202,0.319159,0.940256,0.853077,0.434051,0.295291,-0.129711,] 1 44 [27.7043,6.61748,21.874,4.07916,12.0738,1.41496,5.82002,8.72453,4.15346,4.26146,5.14623,6.46238,249.191,135.314,41.7116,15.4896,1.04162,10.4028,28.0766,9.49586,4.33171,6.41592,15.3396,4.32431,35.1795,]
n 243 1 0.944462 [-0.246775,0.129888,-2.52995,-0.140436,0.965833,-0.0112322,1.42938,1.45835,-0.770844,-0.230481,1.64493,-0.395923,-0.139134,-0.291474,0.00890705,-0.188096,0.0955777,-0.355482,0.0662482,-0.345251,-0.0978626,0.100367,-0.127174,-0.143349,-0.00954621,] 1 243 [59.9237,7.12054,10.4541,6.88098,3.81736,4.62686,14.2816,6.04713,4.57977,22.1943,4.91158,15.8123,226.291,10.297,5.09693,26.2883,1.12024,24.9941,5.62192,19.5571,6.66241,17.8686,4.77338,18.6395,108.661,]
n 486 1 2.89037 [-0.141075,-1.37577,-2.80049,0.00954354,-0.110792,0.788378,-0.325987,0.624714,-0.874499,-1.02801,0.761974,-0.974304,-0.00478583,0.067491,0.787734,0.618191,1.01053,0.429696,1.16298,0.368999,0.719253,1.25027,0.207604,0.340621,0.0886591,] 1 486 [10000,10000,10000,10000,10000,10000,10000,10000,10000,10000,10000,10000,10000,10000,10000,10000,10000,10000,10000,10000,10000,10000,10000,10000,10000,]
n 487 1 1.09861 [-0.205517,-0.551161,-2.92398,-0.351239,-0.251838,0.365325,0.703855,0.591974,-1.31334,-0.357342,0.914843,-0.73095,-0.374665,-0.65115,-0.633889,-1.05622,-1.01242,-0.863486,-0.144062,-0.968549,-0.299332,-0.0608793,-0.583336,-0.379561,0.206458,] 1 487 [193.327,3.36294,29.2051,1.83115,1.88189,0.756565,3.94393,2.23911,3.98228,6.3751,8.0346,6.82294,90.6418,6.46375,7.01112,2.80815,0.916898,8.90213,9.1149,5.09581,8.87563,29.2283,4.21117,10.5838,72.1255,]
127 128 596 658 890 891 1153 1154 1789 1790 7154 7155 8775 9287 9288 9903 9904 10697 
==f
n 44 1 1.50408 [-0.239706,0.453375,-2.18475,0.951388,1.2956,0.88708,1.83971,1.48636,-0.467126,0.226063,1.62633,-0.20357,-0.0238243,0.764131,0.946642,1.13059,1.36866,0.739543,1.02202,0.319159,0.940256,0.853077,0.434051,0.295291,-0.129711,] 1 44 [27.7043,6.61748,21.874,4.07916,12.0738,1.41496,5.82002,8.72453,4.15346,4.26146,5.14623,6.46238,249.191,135.314,41.7116,15.4896,1.04162,10.4028,28.0766,9.49586,4.33171,6.41592,15.3396,4.32431,35.1795,]
n 243 1 0.944462 [-0.246775,0.129888,-2.52995,-0.140436,0.965833,-0.0112322,1.42938,1.45835,-0.770844,-0.230481,1.64493,-0.395923,-0.139134,-0.291474,0.00890705,-0.188096,0.0955777,-0.355482,0.0662482,-0.345251,-0.0978626,0.100367,-0.127174,-0.143349,-0.00954621,] 1 243 [59.9237,7.12054,10.4541,6.88098,3.81736,4.62686,14.2816,6.04713,4.57977,22.1943,4.91158,15.8123,226.291,10.297,5.09693,26.2883,1.12024,24.9941,5.62192,19.5571,6.66241,17.8686,4.77338,18.6395,108.661,]
n 486 1 2.89037 [-0.141075,-1.37577,-2.80049,0.00954354,-0.110792,0.788378,-0.325987,0.624714,-0.874499,-1.02801,0.761974,-0.974304,-0.00478583,0.067491,0.787734,0.618191,1.01053,0.429696,1.16298,0.368999,0.719253,1.25027,0.207604,0.340621,0.0886591,] 1 486 [10000,10000,10000,10000,10000,10000,10000,10000,10000,10000,10000,10000,10000,10000,10000,10000,10000,10000,10000,10000,10000,10000,10000,10000,10000,]
n 487 1 1.09861 [-0.205517,-0.551161,-2.92398,-0.351239,-0.251838,0.365325,0.703855,0.591974,-1.31334,-0.357342,0.914843,-0.73095,-0.374665,-0.65115,-0.633889,-1.05622,-1.01242,-0.863486,-0.144062,-0.968549,-0.299332,-0.0608793,-0.583336,-0.379561,0.206458,] 1 487 [193.327,3.36294,29.2051,1.83115,1.88189,0.756565,3.94393,2.23911,3.98228,6.3751,8.0346,6.82294,90.6418,6.46375,7.01112,2.80815,0.916898,8.90213,9.1149,5.09581,8.87563,29.2283,4.21117,10.5838,72.1255,]
127 128 596 658 890 891 1153 1154 1789 1790 7154 7155 8775 9287 9288 9903 9904 10697 
==s
n 44 1 2.19722 [-0.0497178,0.84211,-1.97093,1.44651,1.58339,1.72775,2.25422,1.82492,0.0235497,0.710482,2.06715,0.189802,0.0395239,0.850097,1.10148,1.38468,2.34848,1.04959,1.21074,0.643672,1.42073,1.24787,0.689376,0.776177,0.0388885,] 1 44 [27.7043,6.61748,21.874,4.07916,12.0738,1.41496,5.82002,8.72453,4.15346,4.26146,5.14623,6.46238,249.191,135.314,41.7116,15.4896,1.04162,10.4028,28.0766,9.49586,4.33171,6.41592,15.3396,4.32431,35.1795,]
n 243 1 1.63761 [-0.117593,0.50464,-2.22067,0.240783,1.47765,0.453665,1.69399,1.865,-0.303563,-0.0182161,2.09615,-0.144444,-0.0726583,0.0201598,0.451848,0.00694196,1.04039,-0.155458,0.488001,-0.119127,0.289559,0.336934,0.330532,0.0882745,0.0863858,] 1 243 [59.9237,7.12054,10.4541,6.88098,3.81736,4.62686,14.2816,6.04713,4.57977,22.1943,4.91158,15.8123,226.291,10.297,5.09693,26.2883,1.12024,24.9941,5.62192,19.5571,6.66241,17.8686,4.77338,18.6395,108.661,]
n 486 1 2.89037 [-0.141075,-1.37577,-2.80049,0.00954354,-0.110792,0.788378,-0.325987,0.624714,-0.874499,-1.02801,0.761974,-0.974304,-0.00478583,0.067491,0.787734,0.618191,1.01053,0.429696,1.16298,0.368999,0.719253,1.25027,0.207604,0.340621,0.0886591,] 1 486 [10000,10000,10000,10000,10000,10000,10000,10000,10000,10000,10000,10000,10000,10000,10000,10000,10000,10000,10000,10000,10000,10000,10000,10000,10000,]
n 487 1 1.79176 [-0.133597,-0.00585421,-2.73894,0.387751,0.477121,1.515,1.2074,1.26026,-0.812232,0.0387143,1.26763,-0.348113,-0.26963,-0.257819,-0.256224,-0.45947,0.0319119,-0.528326,0.187163,-0.52556,0.0363284,0.124089,-0.0960331,-0.0721789,0.324206,] 1 487 [193.327,3.36294,29.2051,1.83115,1.88189,0.756565,3.94393,2.23911,3.98228,6.3751,8.0346,6.82294,90.6418,6.46375,7.01112,2.80815,0.916898,8.90213,9.1149,5.09581,8.87563,29.2283,4.21117,10.5838,72.1255,]
n 965 1 2.19722 [-0.429694,0.0646403,-2.39856,0.456263,1.0078,0.0464054,1.4252,1.14781,-0.957802,-0.258356,1.18552,-0.596942,-0.0871725,0.678164,0.791806,0.876508,0.388842,0.429498,0.833296,-0.00535479,0.459782,0.458283,0.178726,-0.185594,-0.29831,] 1 965 [27.7043,6.61748,21.874,4.07916,12.0738,1.41496,5.82002,8.72453,4.15346,4.26146,5.14623,6.46238,249.191,135.314,41.7116,15.4896,1.04162,10.4028,28.0766,9.49586,4.33171,6.41592,15.3396,4.32431,35.1795,]
n 966 1 1.63761 [-0.375956,-0.244864,-2.83924,-0.521656,0.454012,-0.476129,1.16476,1.05169,-1.23812,-0.442747,1.19371,-0.647402,-0.205611,-0.603107,-0.434034,-0.383133,-0.849232,-0.555505,-0.355504,-0.571376,-0.485285,-0.136201,-0.584881,-0.374973,-0.105478,] 1 966 [59.9237,7.12054,10.4541,6.88098,3.81736,4.62686,14.2816,6.04713,4.57977,22.1943,4.91158,15.8123,226.291,10.297,5.09693,26.2883,1.12024,24.9941,5.62192,19.5571,6.66241,17.8686,4.77338,18.6395,108.661,]
n 967 1 1.79176 [-0.277438,-1.09647,-3.10902,-1.09023,-0.980798,-0.784354,0.200313,-0.0763119,-1.81445,-0.753398,0.562052,-1.11379,-0.479701,-1.04448,-1.01155,-1.65296,-2.05676,-1.19865,-0.475288,-1.41154,-0.634993,-0.245848,-1.07064,-0.686943,0.088709,] 1 967 [193.327,3.36294,29.2051,1.83115,1.88189,0.756565,3.94393,2.23911,3.98228,6.3751,8.0346,6.82294,90.6418,6.46375,7.01112,2.80815,0.916898,8.90213,9.1149,5.09581,8.87563,29.2283,4.21117,10.5838,72.1255,]
127 128 596 658 890 891 1153 1154 1789 1790 7154 7155 8775 9287 9288 9903 9904 10697 
==f
n 44 1 1.79176 [-0.169523,0.492497,-2.13017,1.08573,1.36734,1.13484,1.74037,1.53593,-0.510199,0.0499671,1.85053,-0.293263,-0.0255518,0.813521,0.985584,1.22191,1.63579,0.670433,1.04106,0.19548,1.01494,0.637574,0.508587,0.0796188,-0.0980427,] 1 44 [35.1806,5.11864,20.3911,3.92667,11.1308,1.4352,5.27363,6.99301,3.18881,5.2954,17.2304,5.74241,187.311,10000,38.6108,18.966,1.00541,9.16874,21.7203,12.6221,3.50269,45.3504,15.4562,8.17821,29.5077,]
n 243 1 2.19722 [-0.117486,0.655584,-2.32047,-0.241465,1.56561,-0.106588,1.44107,1.82099,-0.549612,-0.405877,2.15901,-0.172994,-0.181336,0.117098,0.599524,0.0161271,1.4406,-0.327784,0.316675,-0.1452,0.208936,0.337594,0.310132,0.0179379,-0.046922,] 1 243 [466.835,23.6239,195.503,10.7942,4.47703,7.17966,6.81175,6.20786,2.23968,26.8896,21.2882,3838.56,95.0147,84.3203,201.488,717.034,2.89851,13.9485,141.761,87.4443,125.632,42.7501,23.0102,67.9206,88.1961,]
n 486 1 2.89037 [-0.141075,-1.37577,-2.80049,0.00954354,-0.110792,0.788378,-0.325987,0.624714,-0.874499,-1.02801,0.761974,-0.974304,-0.00478583,0.067491,0.787734,0.618191,1.01053,0.429696,1.16298,0.368999,0.719253,1.25027,0.207604,0.340621,0.0886591,] 1 486 [10000,10000,10000,10000,10000,10000,10000,10000,10000,10000,10000,10000,10000,10000,10000,10000,10000,10000,10000,10000,10000,10000,10000,10000,10000,]
n 487 1 1.79176 [-0.253592,-0.328846,-2.86147,-0.569589,-0.290886,0.27342,0.514563,0.909201,-1.6492,-0.473147,1.0353,-0.668508,-0.402276,-0.578534,-0.35373,-0.928488,-0.561484,-0.658898,-0.201152,-0.70013,-0.291511,0.00527799,-0.268039,-0.2286,0.197483,] 1 487 [262.771,3.4288,78.351,2.271,2.30563,0.707213,4.98501,2.58726,3.91341,4.98716,6.19776,30.0852,646.807,3.65792,10.6352,1.478,0.72402,10.0646,14.493,24.174,23.2639,96.8028,3.9418,12.0048,78.3585,]
n 965 1 2.89037 [-0.450255,0.33601,-2.34847,0.548349,1.08035,0.143794,2.13772,1.33768,-0.337908,0.75435,0.95375,0.0655091,-0.0186417,0.61596,0.829815,0.85665,0.567268,0.946871,0.964916,0.690196,0.716193,1.49959,0.210444,0.942308,-0.224714,] 1 965 [10000,10000,10000,10000,10000,10000,10000,10000,10000,10000,10000,10000,10000,10000,10000,10000,10000,10000,10000,10000,10000,10000,10000,10000,10000,]
n 966 1 1.09861 [-0.266258,-0.0976906,-2.70448,-0.272616,0.755706,-0.157518,1.38329,1.22433,-0.875354,-0.116024,1.34352,-0.42896,-0.131426,-0.493009,-0.303297,-0.416215,-0.468487,-0.451363,-0.128994,-0.461774,-0.284789,-0.0303714,-0.394133,-0.22388,0.0224401,] 1 966 [61.923,44.9121,7.65816,3.53552,14.7651,2.69144,24.2341,8.5162,11.8546,28.07,6.92451,15.0924,808.462,25.8349,10.7178,7.59528,11.6833,17.1296,4.52291,22.8162,6.70484,26.5554,5.46347,21.3555,128.924,]
n 967 1 2.19722 [-0.183615,-1.06812,-2.90065,0.368454,-0.7715,1.22567,0.751593,0.0223332,-0.988501,-0.41504,0.759276,-1.11594,-0.431937,-0.743878,-1.02953,-1.20173,-1.89566,-1.16443,0.171717,-1.53331,-0.157819,-0.085751,-0.920793,-0.643804,0.269339,] 1 967 [1218.47,21.7896,20.0999,12.3833,397.03,21.0838,3.42285,3.74509,31.9817,25.4676,11.8855,15.1473,145.436,27.0085,87.9182,282.296,33.9542,28.9517,66.2488,21.2456,4.84401,14.5136,31.1096,19.3663,74.1173,]
127 128 596 658 890 891 1153 1154 1789 1790 7154 7155 8775 9287 9288 9903 9904 10697 
==e
n 44 1 1.79176 [-0.169523,0.492497,-2.13017,1.08573,1.36734,1.13484,1.74037,1.53593,-0.510199,0.0499671,1.85053,-0.293263,-0.0255518,0.813521,0.985584,1.22191,1.63579,0.670433,1.04106,0.19548,1.01494,0.637574,0.508587,0.0796188,-0.0980427,] 1 44 [35.1806,5.11864,20.3911,3.92667,11.1308,1.4352,5.27363,6.99301,3.18881,5.2954,17.2304,5.74241,187.311,10000,38.6108,18.966,1.00541,9.16874,21.7203,12.6221,3.50269,45.3504,15.4562,8.17821,29.5077,]
n 243 1 2.19722 [-0.117486,0.655584,-2.32047,-0.241465,1.56561,-0.106588,1.44107,1.82099,-0.549612,-0.405877,2.15901,-0.172994,-0.181336,0.117098,0.599524,0.0161271,1.4406,-0.327784,0.316675,-0.1452,0.208936,0.337594,0.310132,0.0179379,-0.046922,] 1 243 [466.835,23.6239,195.503,10.7942,4.47703,7.17966,6.81175,6.20786,2.23968,26.8896,21.2882,3838.56,95.0147,84.3203,201.488,717.034,2.89851,13.9485,141.761,87.4443,125.632,42.7501,23.0102,67.9206,88.1961,]
n 486 1 2.89037 [-0.141075,-1.37577,-2.80049,0.00954354,-0.110792,0.788378,-0.325987,0.624714,-0.874499,-1.02801,0.761974,-0.974304,-0.00478583,0.067491,0.787734,0.618191,1.01053,0.429696,1.16298,0.368999,0.719253,1.25027,0.207604,0.340621,0.0886591,] 1 486 [10000,10000,10000,10000,10000,10000,10000,10000,10000,10000,10000,10000,10000,10000,10000,10000,10000,10000,10000,10000,10000,10000,10000,10000,10000,]
n 487 1 1.79176 [-0.253592,-0.328846,-2.86147,-0.569589,-0.290886,0.27342,0.514563,0.909201,-1.6492,-0.473147,1.0353,-0.668508,-0.402276,-0.578534,-0.35373,-0.928488,-0.561484,-0.658898,-0.201152,-0.70013,-0.291511,0.00527799,-0.268039,-0.2286,0.197483,] 1 487 [262.771,3.4288,78.351,2.271,2.30563,0.707213,4.98501,2.58726,3.91341,4.98716,6.19776,30.0852,646.807,3.65792,10.6352,1.478,0.72402,10.0646,14.493,24.174,23.2639,96.8028,3.9418,12.0048,78.3585,]
n 965 1 2.89037 [-0.450255,0.33601,-2.34847,0.548349,1.08035,0.143794,2.13772,1.33768,-0.337908,0.75435,0.95375,0.0655091,-0.0186417,0.61596,0.829815,0.85665,0.567268,0.946871,0.964916,0.690196,0.716193,1.49959,0.210444,0.942308,-0.224714,] 1 965 [10000,10000,10000,10000,10000,10000,10000,10000,10000,10000,10000,10000,10000,10000,10000,10000,10000,10000,10000,10000,10000,10000,10000,10000,10000,]
n 966 1 1.09861 [-0.266258,-0.0976906,-2.70448,-0.272616,0.755706,-0.157518,1.38329,1.22433,-0.875354,-0.116024,1.34352,-0.42896,-0.131426,-0.493009,-0.303297,-0.416215,-0.468487,-0.451363,-0.128994,-0.461774,-0.284789,-0.0303714,-0.394133,-0.22388,0.0224401,] 1 966 [61.923,44.9121,7.65816,3.53552,14.7651,2.69144,24.2341,8.5162,11.8546,28.07,6.92451,15.0924,808.462,25.8349,10.7178,7.59528,11.6833,17.1296,4.52291,22.8162,6.70484,26.5554,5.46347,21.3555,128.924,]
n 967 1 2.19722 [-0.183615,-1.06812,-2.90065,0.368454,-0.7715,1.22567,0.751593,0.0223332,-0.988501,-0.41504,0.759276,-1.11594,-0.431937,-0.743878,-1.02953,-1.20173,-1.89566,-1.16443,0.171717,-1.53331,-0.157819,-0.085751,-0.920793,-0.643804,0.269339,] 1 967 [1218.47,21.7896,20.0999,12.3833,397.03,21.0838,3.42285,3.74509,31.9817,25.4676,11.8855,15.1473,145.436,27.0085,87.9182,282.296,33.9542,28.9517,66.2488,21.2456,4.84401,14.5136,31.1096,19.3663,74.1173,]
127 128 596 658 890 891 1153 1154 1789 1790 7154 7155 8775 9287 9288 9903 9904 10697 
==f
n 44 1 1.79176 [-0.169523,0.492497,-2.13017,1.08573,1.36734,1.13484,1.74037,1.53593,-0.510199,0.0499671,1.85053,-0.293263,-0.0255518,0.813521,0.985584,1.22191,1.63579,0.670433,1.04106,0.19548,1.01494,0.637574,0.508587,0.0796188,-0.0980427,] 1 44 [35.1806,5.11864,20.3911,3.92667,11.1308,1.4352,5.27363,6.99301,3.18881,5.2954,17.2304,5.74241,187.311,10000,38.6108,18.966,1.00541,9.16874,21.7203,12.6221,3.50269,45.3504,15.4562,8.17821,29.5077,]
n 243 1 2.19722 [-0.117486,0.655584,-2.32047,-0.241465,1.56561,-0.106588,1.44107,1.82099,-0.549612,-0.405877,2.15901,-0.172994,-0.181336,0.117098,0.599524,0.0161271,1.4406,-0.327784,0.316675,-0.1452,0.208936,0.337594,0.310132,0.0179379,-0.046922,] 1 243 [466.835,23.6239,195.503,10.7942,4.47703,7.17966,6.81175,6.20786,2.23968,26.8896,21.2882,3838.56,95.0147,84.3203,201.488,717.034,2.89851,13.9485,141.761,87.4443,125.632,42.7501,23.0102,67.9206,88.1961,]
n 486 1 2.89037 [-0.141075,-1.37577,-2.80049,0.00954354,-0.110792,0.788378,-0.325987,0.624714,-0.874499,-1.02801,0.761974,-0.974304,-0.00478583,0.067491,0.787734,0.618191,1.01053,0.429696,1.16298,0.368999,0.719253,1.25027,0.207604,0.340621,0.0886591,] 1 486 [10000,10000,10000,10000,10000,10000,10000,10000,10000,10000,10000,10000,10000,10000,10000,10000,10000,10000,10000,10000,10000,10000,10000,10000,10000,]
n 487 1 1.79176 [-0.253592,-0.328846,-2.86147,-0.569589,-0.290886,0.27342,0.514563,0.909201,-1.6492,-0.473147,1.0353,-0.668508,-0.402276,-0.578534,-0.35373,-0.928488,-0.561484,-0.658898,-0.201152,-0.70013,-0.291511,0.00527799,-0.268039,-0.2286,0.197483,] 1 487 [262.771,3.4288,78.351,2.271,2.30563,0.707213,4.98501,2.58726,3.91341,4.98716,6.19776,30.0852,646.807,3.65792,10.6352,1.478,0.72402,10.0646,14.493,24.174,23.2639,96.8028,3.9418,12.0048,78.3585,]
n 965 1 2.89037 [-0.450255,0.33601,-2.34847,0.548349,1.08035,0.143794,2.13772,1.33768,-0.337908,0.75435,0.95375,0.0655091,-0.0186417,0.61596,0.829815,0.85665,0.567268,0.946871,0.964916,0.690196,0.716193,1.49959,0.210444,0.942308,-0.224714,] 1 965 [10000,10000,10000,10000,10000,10000,10000,10000,10000,10000,10000,10000,10000,10000,10000,10000,10000,10000,10000,10000,10000,10000,10000,10000,10000,]
n 966 1 1.09861 [-0.266258,-0.0976906,-2.70448,-0.272616,0.755706,-0.157518,1.38329,1.22433,-0.875354,-0.116024,1.34352,-0.42896,-0.131426,-0.493009,-0.303297,-0.416215,-0.468487,-0.451363,-0.128994,-0.461774,-0.284789,-0.0303714,-0.394133,-0.22388,0.0224401,] 1 966 [61.923,44.9121,7.65816,3.53552,14.7651,2.69144,24.2341,8.5162,11.8546,28.07,6.92451,15.0924,808.462,25.8349,10.7178,7.59528,11.6833,17.1296,4.52291,22.8162,6.70484,26.5554,5.46347,21.3555,128.924,]
n 967 1 2.19722 [-0.183615,-1.06812,-2.90065,0.368454,-0.7715,1.22567,0.751593,0.0223332,-0.988501,-0.41504,0.759276,-1.11594,-0.431937,-0.743878,-1.02953,-1.20173,-1.89566,-1.16443,0.171717,-1.53331,-0.157819,-0.085751,-0.920793,-0.643804,0.269339,] 1 967 [1218.47,21.7896,20.0999,12.3833,397.03,21.0838,3.42285,3.74509,31.9817,25.4676,11.8855,15.1473,145.436,27.0085,87.9182,282.296,33.9542,28.9517,66.2488,21.2456,4.84401,14.5136,31.1096,19.3663,74.1173,]
127 128 596 658 890 891 1153 1154 1789 1790 7154 7155 8775 9287 9288 9903 9904 10697 
==f
n 44 1 1.79176 [-0.169523,0.492497,-2.13017,1.08573,1.36734,1.13484,1.74037,1.53593,-0.510199,0.0499671,1.85053,-0.293263,-0.0255518,0.813521,0.985584,1.22191,1.63579,0.670433,1.04106,0.19548,1.01494,0.637574,0.508587,0.0796188,-0.0980427,] 1 44 [35.1806,5.11864,20.3911,3.92667,11.1308,1.4352,5.27363,6.99301,3.18881,5.2954,17.2304,5.74241,187.311,10000,38.6108,18.966,1.00541,9.16874,21.7203,12.6221,3.50269,45.3504,15.4562,8.17821,29.5077,]
n 243 1 2.19722 [-0.117486,0.655584,-2.32047,-0.241465,1.56561,-0.106588,1.44107,1.82099,-0.549612,-0.405877,2.15901,-0.172994,-0.181336,0.117098,0.599524,0.0161271,1.4406,-0.327784,0.316675,-0.1452,0.208936,0.337594,0.310132,0.0179379,-0.046922,] 1 243 [466.835,23.6239,195.503,10.7942,4.47703,7.17966,6.81175,6.20786,2.23968,26.8896,21.2882,3838.56,95.0147,84.3203,201.488,717.034,2.89851,13.9485,141.761,87.4443,125.632,42.7501,23.0102,67.9206,88.1961,]
n 486 1 2.89037 [-0.141075,-1.37577,-2.80049,0.00954354,-0.110792,0.788378,-0.325987,0.624714,-0.874499,-1.02801,0.761974,-0.974304,-0.00478583,0.067491,0.787734,0.618191,1.01053,0.429696,1.16298,0.368999,0.719253,1.25027,0.207604,0.340621,0.0886591,] 1 486 [10000,10000,10000,10000,10000,10000,10000,10000,10000,10000,10000,10000,10000,10000,10000,10000,10000,10000,10000,10000,10000,10000,10000,10000,10000,]
n 487 1 1.79176 [-0.253592,-0.328846,-2.86147,-0.569589,-0.290886,0.27342,0.514563,0.909201,-1.6492,-0.473147,1.0353,-0.668508,-0.402276,-0.578534,-0.35373,-0.928488,-0.561484,-0.658898,-0.201152,-0.70013,-0.291511,0.00527799,-0.268039,-0.2286,0.197483,] 1 487 [262.771,3.4288,78.351,2.271,2.30563,0.707213,4.98501,2.58726,3.91341,4.98716,6.19776,30.0852,646.807,3.65792,10.6352,1.478,0.72402,10.0646,14.493,24.174,23.2639,96.8028,3.9418,12.0048,78.3585,]
n 965 1 2.89037 [-0.450255,0.33601,-2.34847,0.548349,1.08035,0.143794,2.13772,1.33768,-0.337908,0.75435,0.95375,0.0655091,-0.0186417,0.61596,0.829815,0.85665,0.567268,0.946871,0.964916,0.690196,0.716193,1.49959,0.210444,0.942308,-0.224714,] 1 965 [10000,10000,10000,10000,10000,10000,10000,10000,10000,10000,10000,10000,10000,10000,10000,10000,10000,10000,10000,10000,10000,10000,10000,10000,10000,]
n 966 1 1.09861 [-0.266258,-0.0976906,-2.70448,-0.272616,0.755706,-0.157518,1.38329,1.22433,-0.875354,-0.116024,1.34352,-0.42896,-0.131426,-0.493009,-0.303297,-0.416215,-0.468487,-0.451363,-0.128994,-0.461774,-0.284789,-0.0303714,-0.394133,-0.22388,0.0224401,] 1 966 [61.923,44.9121,7.65816,3.53552,14.7651,2.69144,24.2341,8.5162,11.8546,28.07,6.92451,15.0924,808.462,25.8349,10.7178,7.59528,11.6833,17.1296,4.52291,22.8162,6.70484,26.5554,5.46347,21.3555,128.924,]
n 967 1 2.19722 [-0.183615,-1.06812,-2.90065,0.368454,-0.7715,1.22567,0.751593,0.0223332,-0.988501,-0.41504,0.759276,-1.11594,-0.431937,-0.743878,-1.02953,-1.20173,-1.89566,-1.16443,0.171717,-1.53331,-0.157819,-0.085751,-0.920793,-0.643804,0.269339,] 1 967 [1218.47,21.7896,20.0999,12.3833,397.03,21.0838,3.42285,3.74509,31.9817,25.4676,11.8855,15.1473,145.436,27.0085,87.9182,282.296,33.9542,28.9517,66.2488,21.2456,4.84401,14.5136,31.1096,19.3663,74.1173,]
127 128 596 658 890 891 1153 1154 1789 1790 7154 7155 8775 9287 9288 9903 9904 10697 
==f
n 44 1 1.79176 [-0.169523,0.492497,-2.13017,1.08573,1.36734,1.13484,1.74037,1.53593,-0.510199,0.0499671,1.85053,-0.293263,-0.0255518,0.813521,0.985584,1.22191,1.63579,0.670433,1.04106,0.19548,1.01494,0.637574,0.508587,0.0796188,-0.0980427,] 1 44 [35.1806,5.11864,20.3911,3.92667,11.1308,1.4352,5.27363,6.99301,3.18881,5.2954,17.2304,5.74241,187.311,10000,38.6108,18.966,1.00541,9.16874,21.7203,12.6221,3.50269,45.3504,15.4562,8.17821,29.5077,]
n 243 1 2.19722 [-0.117486,0.655584,-2.32047,-0.241465,1.56561,-0.106588,1.44107,1.82099,-0.549612,-0.405877,2.15901,-0.172994,-0.181336,0.117098,0.599524,0.0161271,1.4406,-0.327784,0.316675,-0.1452,0.208936,0.337594,0.310132,0.0179379,-0.046922,] 1 243 [466.835,23.6239,195.503,10.7942,4.47703,7.17966,6.81175,6.20786,2.23968,26.8896,21.2882,3838.56,95.0147,84.3203,201.488,717.034,2.89851,13.9485,141.761,87.4443,125.632,42.7501,23.0102,67.9206,88.1961,]
n 486 1 2.89037 [-0.141075,-1.37577,-2.80049,0.00954354,-0.110792,0.788378,-0.325987,0.624714,-0.874499,-1.02801,0.761974,-0.974304,-0.00478583,0.067491,0.787734,0.618191,1.01053,0.429696,1.16298,0.368999,0.719253,1.25027,0.207604,0.340621,0.0886591,] 1 486 [10000,10000,10000,10000,10000,10000,10000,10000,10000,10000,10000,10000,10000,10000,10000,10000,10000,10000,10000,10000,10000,10000,10000,10000,10000,]
n 487 1 1.79176 [-0.253592,-0.328846,-2.86147,-0.569589,-0.290886,0.27342,0.514563,0.909201,-1.6492,-0.473147,1.0353,-0.668508,-0.402276,-0.578534,-0.35373,-0.928488,-0.561484,-0.658898,-0.201152,-0.70013,-0.291511,0.00527799,-0.268039,-0.2286,0.197483,] 1 487 [262.771,3.4288,78.351,2.271,2.30563,0.707213,4.98501,2.58726,3.91341,4.98716,6.19776,30.0852,646.807,3.65792,10.6352,1.478,0.72402,10.0646,14.493,24.174,23.2639,96.8028,3.9418,12.0048,78.3585,]
n 965 1 2.89037 [-0.450255,0.33601,-2.34847,0.548349,1.08035,0.143794,2.13772,1.33768,-0.337908,0.75435,0.95375,0.0655091,-0.0186417,0.61596,0.829815,0.85665,0.567268,0.946871,0.964916,0.690196,0.716193,1.49959,0.210444,0.942308,-0.224714,] 1 965 [10000,10000,10000,10000,10000,10000,10000,10000,10000,10000,10000,10000,10000,10000,10000,10000,10000,10000,10000,10000,10000,10000,10000,10000,10000,]
n 966 1 1.09861 [-0.266258,-0.0976906,-2.70448,-0.272616,0.755706,-0.157518,1.38329,1.22433,-0.875354,-0.116024,1.34352,-0.42896,-0.131426,-0.493009,-0.303297,-0.416215,-0.468487,-0.451363,-0.128994,-0.461774,-0.284789,-0.0303714,-0.394133,-0.22388,0.0224401,] 1 966 [61.923,44.9121,7.65816,3.53552,14.7651,2.69144,24.2341,8.5162,11.8546,28.07,6.92451,15.0924,808.462,25.8349,10.7178,7.59528,11.6833,17.1296,4.52291,22.8162,6.70484,26.5554,5.46347,21.3555,128.924,]
n 967 1 2.19722 [-0.183615,-1.06812,-2.90065,0.368454,-0.7715,1.22567,0.751593,0.0223332,-0.988501,-0.41504,0.759276,-1.11594,-0.431937,-0.743878,-1.02953,-1.20173,-1.89566,-1.16443,0.171717,-1.53331,-0.157819,-0.085751,-0.920793,-0.643804,0.269339,] 1 967 [1218.47,21.7896,20.0999,12.3833,397.03,21.0838,3.42285,3.74509,31.9817,25.4676,11.8855,15.1473,145.436,27.0085,87.9182,282.296,33.9542,28.9517,66.2488,21.2456,4.84401,14.5136,31.1096,19.3663,74.1173,]
127 128 596 658 890 891 1153 1154 1789 1790 7154 7155 8775 9287 9288 9903 9904 10697 
==f
n 44 1 1.79176 [-0.169523,0.492497,-2.13017,1.08573,1.36734,1.13484,1.74037,1.53593,-0.510199,0.0499671,1.85053,-0.293263,-0.0255518,0.813521,0.985584,1.22191,1.63579,0.670433,1.04106,0.19548,1.01494,0.637574,0.508587,0.0796188,-0.0980427,] 1 44 [35.1806,5.11864,20.3911,3.92667,11.1308,1.4352,5.27363,6.99301,3.18881,5.2954,17.2304,5.74241,187.311,10000,38.6108,18.966,1.00541,9.16874,21.7203,12.6221,3.50269,45.3504,15.4562,8.17821,29.5077,]
n 243 1 2.19722 [-0.117486,0.655584,-2.32047,-0.241465,1.56561,-0.106588,1.44107,1.82099,-0.549612,-0.405877,2.15901,-0.172994,-0.181336,0.117098,0.599524,0.0161271,1.4406,-0.327784,0.316675,-0.1452,0.208936,0.337594,0.310132,0.0179379,-0.046922,] 1 243 [466.835,23.6239,195.503,10.7942,4.47703,7.17966,6.81175,6.20786,2.23968,26.8896,21.2882,3838.56,95.0147,84.3203,201.488,717.034,2.89851,13.9485,141.761,87.4443,125.632,42.7501,23.0102,67.9206,88.1961,]
n 486 1 2.89037 [-0.141075,-1.37577,-2.80049,0.00954354,-0.110792,0.788378,-0.325987,0.624714,-0.874499,-1.02801,0.761974,-0.974304,-0.00478583,0.067491,0.787734,0.618191,1.01053,0.429696,1.16298,0.368999,0.719253,1.25027,0.207604,0.340621,0.0886591,] 1 486 [10000,10000,10000,10000,10000,10000,10000,10000,10000,10000,10000,10000,10000,10000,10000,10000,10000,10000,10000,10000,10000,10000,10000,10000,10000,]
n 487 1 1.79176 [-0.253592,-0.328846,-2.86147,-0.569589,-0.290886,0.27342,0.514563,0.909201,-1.6492,-0.473147,1.0353,-0.668508,-0.402276,-0.578534,-0.35373,-0.928488,-0.561484,-0.658898,-0.201152,-0.70013,-0.291511,0.00527799,-0.268039,-0.2286,0.197483,] 1 487 [262.771,3.4288,78.351,2.271,2.30563,0.707213,4.98501,2.58726,3.91341,4.98716,6.19776,30.0852,646.807,3.65792,10.6352,1.478,0.72402,10.0646,14.493,24.174,23.2639,96.8028,3.9418,12.0048,78.3585,]
n 965 1 2.89037 [-0.450255,0.33601,-2.34847,0.548349,1.08035,0.143794,2.13772,1.33768,-0.337908,0.75435,0.95375,0.0655091,-0.0186417,0.61596,0.829815,0.85665,0.567268,0.946871,0.964916,0.690196,0.716193,1.49959,0.210444,0.942308,-0.224714,] 1 965 [10000,10000,10000,10000,10000,10000,10000,10000,10000,10000,10000,10000,10000,10000,10000,10000,10000,10000,10000,10000,10000,10000,10000,10000,10000,]
n 966 1 1.09861 [-0.266258,-0.0976906,-2.70448,-0.272616,0.755706,-0.157518,1.38329,1.22433,-0.875354,-0.116024,1.34352,-0.42896,-0.131426,-0.493009,-0.303297,-0.416215,-0.468487,-0.451363,-0.128994,-0.461774,-0.284789,-0.0303714,-0.394133,-0.22388,0.0224401,] 1 966 [61.923,44.9121,7.65816,3.53552,14.7651,2.69144,24.2341,8.5162,11.8546,28.07,6.92451,15.0924,808.462,25.8349,10.7178,7.59528,11.6833,17.1296,4.52291,22.8162,6.70484,26.5554,5.46347,21.3555,128.924,]
n 967 1 2.19722 [-0.183615,-1.06812,-2.90065,0.368454,-0.7715,1.22567,0.751593,0.0223332,-0.988501,-0.41504,0.759276,-1.11594,-0.431937,-0.743878,-1.02953,-1.20173,-1.89566,-1.16443,0.171717,-1.53331,-0.157819,-0.085751,-0.920793,-0.643804,0.269339,] 1 967 [1218.47,21.7896,20.0999,12.3833,397.03,21.0838,3.42285,3.74509,31.9817,25.4676,11.8855,15.1473,145.436,27.0085,87.9182,282.296,33.9542,28.9517,66.2488,21.2456,4.84401,14.5136,31.1096,19.3663,74.1173,]
127 128 596 658 890 891 1153 1154 1789 1790 7154 7155 8775 9287 9288 9903 9904 10697 
==f
n 44 1 1.79176 [-0.169523,0.492497,-2.13017,1.08573,1.36734,1.13484,1.74037,1.53593,-0.510199,0.0499671,1.85053,-0.293263,-0.0255518,0.813521,0.985584,1.22191,1.63579,0.670433,1.04106,0.19548,1.01494,0.637574,0.508587,0.0796188,-0.0980427,] 1 44 [35.1806,5.11864,20.3911,3.92667,11.1308,1.4352,5.27363,6.99301,3.18881,5.2954,17.2304,5.74241,187.311,10000,38.6108,18.966,1.00541,9.16874,21.7203,12.6221,3.50269,45.3504,15.4562,8.17821,29.5077,]
n 243 1 2.19722 [-0.117486,0.655584,-2.32047,-0.241465,1.56561,-0.106588,1.44107,1.82099,-0.549612,-0.405877,2.15901,-0.172994,-0.181336,0.117098,0.599524,0.0161271,1.4406,-0.327784,0.316675,-0.1452,0.208936,0.337594,0.310132,0.0179379,-0.046922,] 1 243 [466.835,23.6239,195.503,10.7942,4.47703,7.17966,6.81175,6.20786,2.23968,26.8896,21.2882,3838.56,95.0147,84.3203,201.488,717.034,2.89851,13.9485,141.761,87.4443,125.632,42.7501,23.0102,67.9206,88.1961,]
n 486 1 2.89037 [-0.141075,-1.37577,-2.80049,0.00954354,-0.110792,0.788378,-0.325987,0.624714,-0.874499,-1.02801,0.761974,-0.974304,-0.00478583,0.067491,0.787734,0.618191,1.01053,0.429696,1.16298,0.368999,0.719253,1.25027,0.207604,0.340621,0.0886591,] 1 486 [10000,10000,10000,10000,10000,10000,10000,10000,10000,10000,10000,10000,10000,10000,10000,10000,10000,10000,10000,10000,10000,10000,10000,10000,10000,]
n 487 1 1.79176 [-0.253592,-0.328846,-2.86147,-0.569589,-0.290886,0.27342,0.514563,0.909201,-1.6492,-0.473147,1.0353,-0.668508,-0.402276,-0.578534,-0.35373,-0.928488,-0.561484,-0.658898,-0.201152,-0.70013,-0.291511,0.00527799,-0.268039,-0.2286,0.197483,] 1 487 [262.771,3.4288,78.351,2.271,2.30563,0.707213,4.98501,2.58726,3.91341,4.98716,6.19776,30.0852,646.807,3.65792,10.6352,1.478,0.72402,10.0646,14.493,24.174,23.2639,96.8028,3.9418,12.0048,78.3585,]
n 965 1 2.89037 [-0.450255,0.33601,-2.34847,0.548349,1.08035,0.143794,2.13772,1.33768,-0.337908,0.75435,0.95375,0.0655091,-0.0186417,0.61596,0.829815,0.85665,0.567268,0.946871,0.964916,0.690196,0.716193,1.49959,0.210444,0.942308,-0.224714,] 1 965 [10000,10000,10000,10000,10000,10000,10000,10000,10000,10000,10000,10000,10000,10000,10000,10000,10000,10000,10000,10000,10000,10000,10000,10000,10000,]
n 966 1 1.09861 [-0.266258,-0.0976906,-2.70448,-0.272616,0.755706,-0.157518,1.38329,1.22433,-0.875354,-0.116024,1.34352,-0.42896,-0.131426,-0.493009,-0.303297,-0.416215,-0.468487,-0.451363,-0.128994,-0.461774,-0.284789,-0.0303714,-0.394133,-0.22388,0.0224401,] 1 966 [61.923,44.9121,7.65816,3.53552,14.7651,2.69144,24.2341,8.5162,11.8546,28.07,6.92451,15.0924,808.462,25.8349,10.7178,7.59528,11.6833,17.1296,4.52291,22.8162,6.70484,26.5554,5.46347,21.3555,128.924,]
n 967 1 2.19722 [-0.183615,-1.06812,-2.90065,0.368454,-0.7715,1.22567,0.751593,0.0223332,-0.988501,-0.41504,0.759276,-1.11594,-0.431937,-0.743878,-1.02953,-1.20173,-1.89566,-1.16443,0.171717,-1.53331,-0.157819,-0.085751,-0.920793,-0.643804,0.269339,] 1 967 [1218.47,21.7896,20.0999,12.3833,397.03,21.0838,3.42285,3.74509,31.9817,25.4676,11.8855,15.1473,145.436,27.0085,87.9182,282.296,33.9542,28.9517,66.2488,21.2456,4.84401,14.5136,31.1096,19.3663,74.1173,]
127 128 596 658 890 891 1153 1154 1789 1790 7154 7155 8775 9287 9288 9903 9904 10697 
